7 0.15478515625 0.20830078125 0.3095703125 0.126953125
0 0.401806640625 0.260693359375 0.17861328125 0.06494140625
0 0.372216796875 0.237646484375 0.16298828125 0.06005859375
0 0.34291992187500003 0.206982421875 0.04169921875 0.01708984375
5 0.977880859375 0.211083984375 0.04365234375 0.08427734375
5 0.9365234375 0.46279296875 0.1263671875 0.0947265625
7 0.82509765625 0.32426757812499996 0.0806640625 0.09697265625
7 0.69384765625 0.2341796875 0.43125 0.159765625
7 0.8836425781249999 0.32192382812500003 0.13095703125 0.12900390625
7 0.8609374999999999 0.46416015624999996 0.159765625 0.1619140625
7 0.719091796875 0.4044921875 0.20400390625 0.345703125
7 0.96298828125 0.051708984375 0.0734375 0.10341796875
7 0.5236328125 0.11669921875 0.9388671875 0.2333984375
1 0.127685546875 0.083642578125 0.12236328125 0.03740234375
1 0.26162109375 0.115771484375 0.1693359375 0.09423828125
7 0.163037109375 0.336328125 0.32607421875 0.4201171875
1 0.35463867187500003 0.49326171875 0.59091796875 0.4568359375
1 0.367529296875 0.42685546875 0.53076171875 0.3095703125
0 0.1302734375 0.61962890625 0.0681640625 0.043359375
1 0.652880859375 0.76962890625 0.33759765625 0.3134765625
5 0.929248046875 0.129638671875 0.05087890625 0.06923828125
0 0.523828125 0.44155273437500003 0.126953125 0.05830078125
