6 0.16586914062500002 0.11518554687499999 0.13662109375 0.11533203125
7 0.8384765625 0.2869140625 0.2185546875 0.246484375
7 0.054248046875 0.077734375 0.10849609375 0.15546875
6 0.1466796875 0.03955078125 0.1775390625 0.0791015625
7 0.781103515625 0.14794921875 0.33330078125 0.247265625
1 0.050927734375 0.217138671875 0.10185546875 0.12275390625
1 0.14697265625 0.633056640625 0.2939453125 0.34150390625
1 0.120849609375 0.379052734375 0.24169921875 0.23681640625
7 0.478515625 0.4619140625 0.8154296875 0.705078125
1 0.505908203125 0.1865234375 0.06416015625 0.034765625
3 0.40034179687500004 0.51083984375 0.16572265625 0.127734375
5 0.5840332031250001 0.27656250000000004 0.22158203125 0.268359375
5 0.6939453125 0.6107421875 0.26953125 0.1689453125
5 0.285009765625 0.40224609375 0.30419921875 0.1111328125
5 0.60947265625 0.428662109375 0.3220703125 0.20263671875
5 0.716064453125 0.52080078125 0.23837890625 0.1626953125
