6 0.585986328125 0.52333984375 0.54365234375 0.0615234375
6 0.597900390625 0.5 0.52841796875 0.0798828125
6 0.599365234375 0.43447265625 0.57373046875 0.1884765625
6 0.566357421875 0.30517578125 0.41240234375 0.1580078125
7 0.473388671875 0.606787109375 0.34228515625 0.28642578125
6 0.571484375 0.221240234375 0.4193359375 0.11708984375
7 0.239599609375 0.68505859375 0.47919921875 0.3720703125
6 0.68095703125 0.7583984375 0.5013671875 0.4826171875
7 0.50234375 0.379931640625 0.2982421875 0.25791015625
7 0.58564453125 0.14013671875 0.2982421875 0.1517578125
3 0.741064453125 0.36015625 0.04228515625 0.0625
