2 0.044824218750000006 0.52197265625 0.0658203125 0.0513671875
7 0.73876953125 0.102734375 0.34453125 0.20390625
7 0.10947265625 0.07265625 0.2189453125 0.1453125
7 0.42421875 0.104638671875 0.527734375 0.20927734375
7 0.2177734375 0.29912109375 0.435546875 0.41171875
7 0.22734375 0.4958984375 0.4546875 0.3638671875
0 0.97109375 0.39658203125 0.0572265625 0.0412109375
3 0.24873046875 0.35595703125 0.0595703125 0.034765625
1 0.31977539062500004 0.36513671875000003 0.12763671875 0.0357421875
7 0.6842285156250001 0.506640625 0.63095703125 0.808984375
