7 0.75869140625 0.23447265625 0.4474609375 0.4689453125
7 0.398095703125 0.1109375 0.29462890625 0.221875
7 0.6558593749999999 0.3771484375 0.1763671875 0.3740234375
7 0.5046875000000001 0.22275390625000002 0.15078125 0.1908203125
7 0.3767578125 0.259033203125 0.185546875 0.20927734375
7 0.392626953125 0.389697265625 0.21826171875 0.36279296875
7 0.5265625 0.38115234374999996 0.123046875 0.2423828125
7 0.57509765625 0.610400390625 0.1884765625 0.22880859375
7 0.383935546875 0.65869140625 0.21474609375 0.3458984375
7 0.324951171875 0.174462890625 0.07294921875 0.11611328125
