6 0.7683593750000001 0.4484375 0.047265625 0.1185546875
0 0.7739746093750001 0.4828125 0.02216796875 0.044921875
7 0.6369140625 0.26826171875000004 0.6236328125 0.2517578125
3 0.4560546875 0.20063476562500002 0.049609375 0.03623046875
3 0.1205078125 0.266552734375 0.05390625 0.02080078125
7 0.189453125 0.52490234375 0.0701171875 0.1306640625
7 0.463818359375 0.75478515625 0.63525390625 0.2244140625
7 0.762939453125 0.73154296875 0.06083984375 0.0275390625
5 0.803515625 0.640283203125 0.135546875 0.20263671875
0 0.822412109375 0.63994140625 0.04365234375 0.0283203125
0 0.839306640625 0.613671875 0.04169921875 0.0240234375
0 0.8792968750000001 0.618505859375 0.066796875 0.07685546875
7 0.5350097656249999 0.68037109375 0.66533203125 0.3666015625
7 0.498681640625 0.51201171875 0.76591796875 0.59296875
