5 0.16240234375 0.264892578125 0.0390625 0.04814453125
7 0.284912109375 0.22392578124999998 0.23642578125 0.137890625
7 0.47749023437500004 0.277685546875 0.26591796875 0.18876953125
7 0.26376953125 0.35166015625 0.30390625 0.1974609375
1 0.43896484375 0.22788085937500002 0.0505859375 0.03818359375
7 0.523095703125 0.1916015625 0.18251953125 0.0900390625
5 0.365771484375 0.29448242187499996 0.06611328125 0.03544921875
5 0.419140625 0.211572265625 0.0611328125 0.07197265625
7 0.26899414062500004 0.44999999999999996 0.26689453125 0.247265625
7 0.2275390625 0.52236328125 0.282421875 0.1845703125
7 0.568603515625 0.4970703125 0.38330078125 0.4107421875
7 0.68681640625 0.7356933593749999 0.4021484375 0.43076171875
7 0.568310546875 0.2150390625 0.09228515625 0.044140625
5 0.28139648437500003 0.280224609375 0.04501953125 0.03369140625
