5 0.76640625 0.43037109375 0.0283203125 0.03671875
2 0.9119628906249999 0.776171875 0.03916015625 0.0390625
7 0.758203125 0.476513671875 0.069921875 0.07080078125
0 0.7530761718750001 0.477978515625 0.03994140625 0.01884765625
7 0.818701171875 0.61162109375 0.26044921875 0.26484375
6 0.630419921875 0.46381835937500004 0.12646484375 0.12666015625
5 0.0609375 0.645654296875 0.0578125 0.06181640625
7 0.375146484375 0.36542968750000004 0.10244140625 0.17265625
7 0.5451171875 0.36640625000000004 0.095703125 0.135546875
1 0.36953125000000003 0.9072265625 0.097265625 0.098828125
7 0.464892578125 0.41484374999999996 0.14560546875 0.221875
7 0.48984374999999997 0.51357421875 0.183984375 0.191796875
7 0.121875 0.58330078125 0.1029296875 0.25859375
7 0.5359375 0.6328125 0.1021484375 0.1392578125
7 0.21865234374999998 0.3865234375 0.2130859375 0.2294921875
7 0.206201171875 0.69111328125 0.09990234375 0.1302734375
7 0.265283203125 0.547119140625 0.27158203125 0.27021484375
7 0.265234375 0.7177734375 0.0865234375 0.2576171875
7 0.4275390625 0.7154296874999999 0.246484375 0.3072265625
7 0.585205078125 0.7235351562500001 0.22744140625 0.3306640625
7 0.800732421875 0.80224609375 0.27353515625 0.1904296875
0 0.4029296875 0.547607421875 0.03046875 0.03837890625
