0 0.062646484375 0.679541015625 0.09228515625 0.04267578125
1 0.22109375 0.557275390625 0.1689453125 0.13642578125
1 0.44389648437499996 0.42978515624999997 0.12861328125 0.117578125
1 0.76689453125 0.594921875 0.3544921875 0.2841796875
1 0.44169921875 0.5948730468750001 0.3052734375 0.27255859375
1 0.44013671875 0.6613281249999999 0.2890625 0.210546875
1 0.28764648437499996 0.763330078125 0.32998046875 0.34404296875
1 0.26591796875 0.784912109375 0.1263671875 0.11455078125
5 0.239892578125 0.7755859375 0.10087890625 0.08828125
1 0.732177734375 0.5593750000000001 0.27646484375 0.13515625
1 0.8004882812499999 0.589306640625 0.1736328125 0.03076171875
1 0.67890625 0.610107421875 0.034375 0.07197265625
5 0.692138671875 0.5481445312500001 0.08330078125 0.0763671875
7 0.524658203125 0.09931640625 0.29658203125 0.1232421875
1 0.382080078125 0.252978515625 0.36806640625 0.28525390625
1 0.7306640625 0.335595703125 0.465234375 0.34521484375
6 0.713330078125 0.213671875 0.35322265625 0.1599609375
6 0.7359374999999999 0.244140625 0.37734375 0.153515625
0 0.20073242187499998 0.7394531249999999 0.04560546875 0.0359375
