7 0.9353515625 0.17978515625000002 0.1287109375 0.3052734375
1 0.3818359375 0.9060546875 0.101953125 0.1455078125
1 0.27392578125 0.8487304687499999 0.18671875 0.120703125
7 0.313330078125 0.847216796875 0.12080078125 0.06083984375
0 0.457666015625 0.915625 0.15400390625 0.16796875
0 0.5286621093749999 0.8723632812500001 0.02060546875 0.03046875
0 0.8353515625 0.51357421875 0.32890625 0.7142578125
0 0.273046875 0.626171875 0.54609375 0.4666015625
0 0.246484375 0.76240234375 0.4275390625 0.1703125
0 0.6266601562499999 0.851806640625 0.2076171875 0.29560546875
0 0.65537109375 0.67275390625 0.2314453125 0.0935546875
0 0.52900390625 0.72568359375 0.185546875 0.2146484375
0 0.37353515625 0.573876953125 0.29609375 0.39912109375
0 0.35063476562499996 0.148291015625 0.17060546875 0.22255859375
0 0.576904296875 0.42509765625 0.64091796875 0.452734375
0 0.5892578125 0.3234375 0.40625 0.2275390625
