0 0.605419921875 0.343408203125 0.62255859375 0.41572265625
1 0.12626953125 0.45405273437500004 0.2251953125 0.29169921875
5 0.300927734375 0.46894531250000004 0.11083984375 0.0734375
0 0.33486328125000003 0.4775390625 0.034765625 0.041015625
5 0.954150390625 0.257470703125 0.09130859375 0.08896484375
2 0.6841796875 0.468798828125 0.2130859375 0.26162109375
5 0.5768554687499999 0.517333984375 0.163671875 0.27021484375
1 0.6981933593749999 0.4107421875 0.16318359375 0.1025390625
1 0.66962890625 0.472265625 0.1845703125 0.265234375
5 0.56396484375 0.745361328125 0.0724609375 0.13955078125
