7 0.540966796875 0.32451171875 0.47880859375 0.328125
7 0.268359375 0.46381835937500004 0.3521484375 0.26787109375
1 0.636376953125 0.569970703125 0.47919921875 0.30751953125
7 0.110791015625 0.650390625 0.22158203125 0.51015625
1 0.317919921875 0.71337890625 0.51552734375 0.37421875
5 0.803369140625 0.47978515624999996 0.13720703125 0.0984375
1 0.72275390625 0.47568359374999997 0.2556640625 0.117578125
1 0.56591796875 0.43876953124999996 0.1775390625 0.1369140625
5 0.6592285156250001 0.396630859375 0.12861328125 0.13447265625
1 0.58876953125 0.476513671875 0.1994140625 0.07861328125
1 0.572119140625 0.49775390625 0.13427734375 0.064453125
1 0.60234375 0.5269042968750001 0.14453125 0.07021484375
1 0.63193359375 0.545263671875 0.088671875 0.03642578125
1 0.6210449218749999 0.563134765625 0.06083984375 0.03544921875
1 0.7201171875 0.53505859375 0.1015625 0.0275390625
1 0.67958984375 0.555908203125 0.08203125 0.02998046875
1 0.661376953125 0.59912109375 0.07939453125 0.0791015625
1 0.73095703125 0.5736816406249999 0.194140625 0.13193359375
1 0.659375 0.5869140625 0.433203125 0.2076171875
7 0.57607421875 0.7966796875000001 0.18984375 0.2296875
5 0.37119140625 0.6112304687500001 0.0625 0.04140625
0 0.44516601562499997 0.658203125 0.12041015625 0.0654296875
0 0.26240234375 0.663818359375 0.0572265625 0.04736328125
0 0.373193359375 0.65771484375 0.21259765625 0.0615234375
0 0.37158203125 0.672119140625 0.1154296875 0.04716796875
0 0.318603515625 0.7495605468750001 0.29599609375 0.14736328125
1 0.426708984375 0.67109375 0.08896484375 0.055078125
4 0.27783203125 0.70947265625 0.2275390625 0.0568359375
