0 0.161181640625 0.671630859375 0.06826171875 0.07158203125
0 0.194189453125 0.676123046875 0.04052734375 0.03798828125
6 0.414892578125 0.70888671875 0.44560546875 0.1734375
6 0.53447265625 0.5458984375 0.54921875 0.3791015625
6 0.660888671875 0.26166992187500004 0.50400390625 0.32724609375
0 0.54931640625 0.61826171875 0.3671875 0.0998046875
7 0.268359375 0.192822265625 0.3017578125 0.38564453125
0 0.523828125 0.558154296875 0.1935546875 0.06767578125
7 0.536767578125 0.51796875 0.17705078125 0.094140625
7 0.227734375 0.417626953125 0.45546875 0.83134765625
0 0.5306640625 0.70361328125 0.203125 0.0453125
