1 0.88798828125 0.469873046875 0.2234375 0.24072265625
7 0.76611328125 0.598193359375 0.132421875 0.15478515625
7 0.731494140625 0.452734375 0.14853515625 0.20234375
7 0.651123046875 0.580322265625 0.12373046875 0.20966796875
6 0.513134765625 0.6803710937499999 0.20732421875 0.1736328125
7 0.6314453124999999 0.42958984375 0.1001953125 0.15078125
1 0.5123046875 0.561181640625 0.173828125 0.21630859375
1 0.516455078125 0.402392578125 0.19619140625 0.26318359375
1 0.523681640625 0.33720703125 0.14013671875 0.0552734375
1 0.51572265625 0.2693359375 0.1296875 0.13125
1 0.282177734375 0.30224609375 0.33759765625 0.3849609375
0 0.41132812500000004 0.7748535156249999 0.2140625 0.28837890625
7 0.066943359375 0.8396484375 0.13388671875 0.3201171875
1 0.18378906250000002 0.71728515625 0.288671875 0.4404296875
1 0.156640625 0.470361328125 0.31328125 0.24306640625
1 0.18349609374999998 0.42348632812500003 0.0892578125 0.04599609375
