7 0.155517578125 0.573095703125 0.12646484375 0.23544921875
7 0.23857421874999998 0.467822265625 0.055078125 0.10419921875
7 0.40869140625 0.4740234375 0.0818359375 0.1345703125
7 0.34589843750000004 0.32207031249999996 0.190234375 0.2228515625
7 0.327490234375 0.626416015625 0.28154296875 0.45927734375
1 0.5724609375 0.415869140625 0.0283203125 0.06318359375
7 0.523291015625 0.645703125 0.20341796875 0.4064453125
1 0.68798828125 0.33549804687499996 0.0734375 0.03740234375
1 0.6763671874999999 0.500537109375 0.194921875 0.39716796875
1 0.747412109375 0.550732421875 0.24873046875 0.38720703125
