1 0.96064453125 0.39804687499999997 0.078125 0.240625
1 0.99365234375 0.35498046875 0.012109375 0.043359375
7 0.22060546875 0.407568359375 0.3828125 0.33076171875
7 0.4955078125 0.12109375 0.162890625 0.086328125
7 0.690185546875 0.3029296875 0.57548828125 0.534765625
7 0.91103515625 0.64853515625 0.17734375 0.2576171875
7 0.5490234375 0.47807617187499996 0.506640625 0.48525390625
0 0.408544921875 0.34560546875 0.05146484375 0.01796875
0 0.394189453125 0.3908203125 0.07666015625 0.05078125
0 0.40439453125 0.36279296875 0.102734375 0.0583984375
