7 0.17939453125 0.192041015625 0.3587890625 0.36728515625
7 0.499853515625 0.499853515625 0.99970703125 0.99970703125
7 0.867919921875 0.35517578125 0.06845703125 0.04765625
1 0.8975097656250001 0.4275390625 0.07412109375 0.03125
1 0.8234375 0.46640625 0.159375 0.0865234375
7 0.43515625 0.762890625 0.1435546875 0.0892578125
2 0.889599609375 0.528173828125 0.18720703125 0.18623046875
7 0.2337890625 0.756201171875 0.3220703125 0.21181640625
5 0.731298828125 0.51875 0.19013671875 0.19765625
5 0.8729980468749999 0.559423828125 0.14091796875 0.06220703125
1 0.713134765625 0.48720703125 0.17158203125 0.111328125
7 0.819287109375 0.37939453125 0.17158203125 0.044921875
1 0.638525390625 0.211083984375 0.42724609375 0.31201171875
1 0.8220703125000001 0.41640625 0.0958984375 0.0203125
0 0.734814453125 0.423486328125 0.06220703125 0.04541015625
0 0.432666015625 0.322705078125 0.05126953125 0.03271484375
1 0.47373046875 0.33232421875 0.1392578125 0.066015625
0 0.47807617187499996 0.34931640625 0.07841796875 0.0330078125
5 0.603125 0.692138671875 0.4470703125 0.17587890625
0 0.200439453125 0.72841796875 0.05029296875 0.0724609375
1 0.125830078125 0.6798828125 0.25166015625 0.3916015625
0 0.50234375 0.546435546875 0.7017578125 0.44794921875
