7 0.500146484375 0.56005859375 0.04794921875 0.0283203125
7 0.33759765625 0.4021484375 0.0787109375 0.111328125
1 0.216943359375 0.60380859375 0.26787109375 0.0826171875
1 0.305224609375 0.63466796875 0.08662109375 0.0486328125
0 0.6739257812499999 0.9693359375 0.058203125 0.0607421875
2 0.9376953124999999 0.899462890625 0.0796875 0.05478515625
0 0.9501953125 0.790234375 0.098828125 0.3482421875
1 0.431884765625 0.93115234375 0.23408203125 0.137109375
1 0.66220703125 0.632958984375 0.043359375 0.04560546875
7 0.200732421875 0.7447265624999999 0.27177734375 0.300390625
7 0.6939453125 0.2908203125 0.1484375 0.0578125
7 0.40390625 0.5341796875 0.198046875 0.200390625
7 0.37978515625 0.6208984375 0.0625 0.0513671875
7 0.49501953125000003 0.778857421875 0.3736328125 0.44169921875
1 0.71728515625 0.457177734375 0.56484375 0.34892578125
7 0.880810546875 0.7682617187499999 0.23779296875 0.1892578125
0 0.91728515625 0.96494140625 0.1646484375 0.0697265625
7 0.972412109375 0.250927734375 0.05458984375 0.07138671875
7 0.15146484375 0.619921875 0.0568359375 0.0201171875
0 0.8458496093750001 0.39096679687499997 0.30751953125 0.10537109375
