7 0.980859375 0.240625 0.0376953125 0.0283203125
7 0.964306640625 0.17900390625 0.07080078125 0.13984375
7 0.955712890625 0.204638671875 0.08466796875 0.08779296875
7 0.6630371093749999 0.246240234375 0.16337890625 0.14287109375
0 0.576904296875 0.182421875 0.08427734375 0.12421875
7 0.705224609375 0.37709960937500003 0.15380859375 0.14462890625
5 0.6837402343750001 0.332568359375 0.05458984375 0.09521484375
7 0.638916015625 0.42802734374999996 0.18583984375 0.13984375
7 0.419677734375 0.3484375 0.07275390625 0.0267578125
7 0.511572265625 0.436962890625 0.06220703125 0.03076171875
7 0.5487792968749999 0.364892578125 0.23447265625 0.14189453125
7 0.482421875 0.273486328125 0.2486328125 0.14013671875
7 0.456640625 0.49619140625 0.2486328125 0.1515625
1 0.376953125 0.40595703125 0.20703125 0.1205078125
7 0.311865234375 0.32451171875 0.14150390625 0.1212890625
1 0.19892578125 0.55263671875 0.2166015625 0.0724609375
5 0.20244140625 0.544384765625 0.213671875 0.07490234375
1 0.187939453125 0.535693359375 0.22451171875 0.07490234375
5 0.18232421875 0.52392578125 0.206640625 0.0498046875
1 0.148486328125 0.519287109375 0.15146484375 0.04658203125
1 0.13974609375000002 0.50771484375 0.12734375 0.044140625
5 0.206982421875 0.495556640625 0.21630859375 0.05009765625
7 0.184716796875 0.3890625 0.25498046875 0.2140625
