0 0.8371093749999999 0.197119140625 0.1001953125 0.04560546875
0 0.638525390625 0.31533203125 0.16728515625 0.1083984375
0 0.7953125 0.42460937499999996 0.114453125 0.0515625
7 0.38935546875000004 0.31982421875 0.3521484375 0.2333984375
2 0.2953125 0.3982421875 0.1044921875 0.0880859375
0 0.35927734375 0.431884765625 0.1015625 0.09990234375
0 0.36455078124999996 0.517724609375 0.0896484375 0.02353515625
0 0.45151367187499997 0.49443359375 0.07705078125 0.0439453125
0 0.42109375 0.503759765625 0.0439453125 0.03525390625
0 0.364599609375 0.494384765625 0.08564453125 0.03095703125
7 0.596044921875 0.44692382812500003 0.10087890625 0.10263671875
0 0.484619140625 0.403125 0.18154296875 0.1376953125
0 0.6438476562500001 0.78876953125 0.11640625 0.1123046875
0 0.727685546875 0.7799316406250001 0.13193359375 0.10048828125
0 0.76748046875 0.808349609375 0.125 0.11083984375
0 0.22060546875 0.33984375 0.0958984375 0.060546875
0 0.537060546875 0.758056640625 0.12041015625 0.08603515625
7 0.6420410156249999 0.9120605468749999 0.08037109375 0.09501953125
0 0.6628906250000001 0.4197265625 0.09296875 0.074609375
