4 0.49238281250000004 0.685791015625 0.114453125 0.15029296875
0 0.497314453125 0.4958984375 0.04892578125 0.0513671875
4 0.43466796875 0.45063476562500004 0.0763671875 0.19794921875
0 0.439794921875 0.46474609375 0.09326171875 0.1150390625
4 0.55029296875 0.4904296875 0.1421875 0.1341796875
4 0.535888671875 0.39658203125 0.20400390625 0.2400390625
4 0.40771484375 0.32080078125 0.097265625 0.1287109375
4 0.36333007812499996 0.4564453125 0.07841796875 0.1708984375
4 0.40800781249999996 0.624267578125 0.09453125 0.17509765625
4 0.486572265625 0.6791503906249999 0.27412109375 0.14755859375
4 0.526953125 0.584716796875 0.2232421875 0.15595703125
