0 0.51630859375 0.547998046875 0.055859375 0.03544921875
0 0.5477539062500001 0.594580078125 0.0228515625 0.03994140625
2 0.48232421875 0.587939453125 0.1140625 0.09697265625
0 0.628125 0.686376953125 0.01953125 0.01708984375
0 0.489111328125 0.485888671875 0.05224609375 0.07490234375
5 0.610498046875 0.55244140625 0.23681640625 0.2482421875
5 0.515576171875 0.66865234375 0.22822265625 0.1388671875
0 0.50283203125 0.68564453125 0.0638671875 0.0384765625
0 0.9560546875 0.6138671875 0.0873046875 0.0818359375
1 0.959033203125 0.41396484375000003 0.08134765625 0.09921875
0 0.877197265625 0.3759765625 0.09755859375 0.1185546875
5 0.9113281249999999 0.544384765625 0.1765625 0.17060546875
7 0.77294921875 0.636181640625 0.1326171875 0.11611328125
