1 0.658984375 0.7953125000000001 0.33828125 0.121484375
7 0.03994140625 0.817041015625 0.0798828125 0.12763671875
1 0.186376953125 0.78115234375 0.03935546875 0.02890625
7 0.07958984375 0.059375 0.1591796875 0.11875
1 0.329150390625 0.0095703125 0.09287109375 0.019140625
1 0.41293945312499997 0.278662109375 0.53935546875 0.43232421875
1 0.45683593749999996 0.6318847656250001 0.1544921875 0.19814453125
1 0.345068359375 0.5711914062500001 0.37236328125 0.323828125
1 0.38583984374999997 0.6480468749999999 0.1189453125 0.128515625
1 0.34218750000000003 0.6775390625000001 0.0396484375 0.035546875
1 0.315283203125 0.5478515625 0.19013671875 0.25546875
1 0.040185546875000006 0.6818359374999999 0.03583984375 0.030859375
