1 0.343701171875 0.112744140625 0.03916015625 0.22548828125
0 0.3759765625 0.10712890625 0.0654296875 0.2142578125
1 0.382568359375 0.362890625 0.28798828125 0.245703125
1 0.3220703125 0.236474609375 0.054296875 0.07080078125
1 0.44106445312500003 0.2087890625 0.05185546875 0.030078125
1 0.41923828125 0.22456054687500002 0.0265625 0.03837890625
1 0.32832031250000004 0.318115234375 0.1775390625 0.28310546875
1 0.352294921875 0.300048828125 0.09248046875 0.12861328125
3 0.3439453125 0.35532226562499997 0.038671875 0.03603515625
1 0.400146484375 0.33266601562500003 0.04638671875 0.13291015625
1 0.3513671875 0.389013671875 0.1451171875 0.19541015625
1 0.436474609375 0.28359375 0.06845703125 0.2166015625
1 0.50966796875 0.566796875 0.17109375 0.398828125
1 0.29912109375 0.663232421875 0.409765625 0.47783203125
1 0.2923828125 0.509765625 0.1775390625 0.10546875
1 0.6787597656250001 0.46577148437500004 0.21474609375 0.54267578125
7 0.670849609375 0.270166015625 0.04267578125 0.07412109375
1 0.75966796875 0.30673828124999997 0.038671875 0.0486328125
1 0.6247070312499999 0.32041015625 0.069921875 0.2142578125
1 0.7240234375000001 0.294677734375 0.0736328125 0.05751953125
1 0.7009765625 0.40263671875 0.14609375 0.1650390625
7 0.7330078125 0.435888671875 0.0265625 0.06416015625
1 0.659619140625 0.35751953125 0.04541015625 0.1455078125
1 0.698095703125 0.391845703125 0.07783203125 0.18056640625
1 0.61982421875 0.37070312499999997 0.0451171875 0.1283203125
0 0.67177734375 0.418115234375 0.078125 0.09951171875
1 0.63916015625 0.449560546875 0.1166015625 0.04990234375
0 0.039697265625 0.36669921875 0.07939453125 0.0939453125
0 0.03076171875 0.29160156249999997 0.0615234375 0.09453125
0 0.028662109375 0.249462890625 0.05732421875 0.11474609375
0 0.01923828125 0.161083984375 0.0384765625 0.15478515625
