0 0.336474609375 0.7769531249999999 0.67294921875 0.445703125
7 0.052734375 0.531982421875 0.10546875 0.09326171875
7 0.279248046875 0.748193359375 0.28603515625 0.24052734375
7 0.202734375 0.857177734375 0.40546875 0.28525390625
7 0.41611328124999997 0.85322265625 0.0935546875 0.125
5 0.49169921875 0.822412109375 0.140234375 0.09521484375
1 0.583056640625 0.680712890625 0.83271484375 0.49873046875
1 0.709814453125 0.53759765625 0.47978515625 0.3400390625
1 0.56826171875 0.637939453125 0.6240234375 0.37998046875
7 0.061328125 0.5967285156250001 0.12265625 0.07783203125
0 0.39892578125 0.8654296875 0.1021484375 0.2685546875
1 0.6742675781249999 0.666796875 0.14091796875 0.096484375
1 0.706884765625 0.6383300781250001 0.14521484375 0.19423828125
