7 0.3763671875 0.31767578125 0.3078125 0.5162109375
1 0.51376953125 0.5423828125000001 0.2517578125 0.5357421875
5 0.516943359375 0.37993164062499996 0.16240234375 0.18720703125
7 0.969091796875 0.516064453125 0.03740234375 0.06318359375
1 0.80595703125 0.77451171875 0.3876953125 0.450390625
6 0.932958984375 0.792626953125 0.13369140625 0.17529296875
1 0.67744140625 0.47587890625 0.2591796875 0.3736328125
1 0.646435546875 0.456787109375 0.13271484375 0.18681640625
1 0.7866699218750001 0.55849609375 0.41865234375 0.458984375
5 0.36103515625 0.31767578125 0.08359375 0.2080078125
