7 0.38886718750000004 0.30341796875000004 0.29765625 0.2720703125
1 0.6388671874999999 0.30322265625 0.213671875 0.1490234375
7 0.596923828125 0.3373046875 0.04169921875 0.0322265625
1 0.63837890625 0.39052734375 0.254296875 0.13515625
7 0.722998046875 0.52705078125 0.21259765625 0.1984375
1 0.380029296875 0.72744140625 0.35322265625 0.2703125
5 0.52578125 0.53046875 0.19375 0.205859375
0 0.44291992187499996 0.521533203125 0.04130859375 0.03916015625
0 0.59384765625 0.5927734375 0.036328125 0.0173828125
0 0.6488769531249999 0.367919921875 0.14951171875 0.04091796875
