1 0.7017578124999999 0.71591796875 0.1763671875 0.1150390625
1 0.67998046875 0.587939453125 0.328125 0.27177734375
1 0.39150390625 0.739892578125 0.2001953125 0.23447265625
1 0.5978515624999999 0.331787109375 0.2115234375 0.12861328125
1 0.611474609375 0.30556640625 0.14755859375 0.1474609375
1 0.36992187499999996 0.0419921875 0.2923828125 0.083984375
1 0.2033203125 0.42167968749999996 0.11953125 0.090625
7 0.2345703125 0.20986328125 0.033203125 0.0916015625
7 0.158203125 0.30229492187499996 0.1830078125 0.14814453125
1 0.23857421875 0.366943359375 0.0708984375 0.07177734375
1 0.23623046875 0.32705078125 0.0751953125 0.092578125
7 0.22651367187500002 0.46923828125 0.15947265625 0.1765625
7 0.551171875 0.10400390625 0.0662109375 0.0830078125
1 0.55751953125 0.221728515625 0.163671875 0.22060546875
1 0.607861328125 0.5171875 0.26787109375 0.118359375
1 0.59130859375 0.455029296875 0.294140625 0.13818359375
7 0.41010742187500004 0.535546875 0.13017578125 0.2080078125
1 0.518115234375 0.621484375 0.03271484375 0.0419921875
1 0.53623046875 0.658837890625 0.23515625 0.32568359375
1 0.45693359375 0.6419921875 0.1396484375 0.3998046875
1 0.287255859375 0.64482421875 0.16572265625 0.20703125
0 0.38095703124999997 0.658056640625 0.0228515625 0.06083984375
7 0.11298828125 0.80322265625 0.2259765625 0.2017578125
7 0.7380859375000001 0.93173828125 0.2142578125 0.1359375
7 0.8525878906250001 0.9784667968749999 0.09248046875 0.04228515625
7 0.9421875 0.945458984375 0.1150390625 0.10849609375
