5 0.498876953125 0.499853515625 0.99775390625 0.99970703125
1 0.35400390625 0.567138671875 0.31171875 0.13759765625
5 0.7905761718750001 0.406787109375 0.10537109375 0.13427734375
4 0.824951171875 0.484912109375 0.09228515625 0.13388671875
4 0.7255859375 0.615087890625 0.0384765625 0.05751953125
2 0.750927734375 0.564306640625 0.05849609375 0.09228515625
4 0.4876953125 0.71474609375 0.0994140625 0.1021484375
4 0.237744140625 0.8287109375 0.11826171875 0.1078125
5 0.546533203125 0.3619140625 0.17880859375 0.1001953125
5 0.399072265625 0.436328125 0.32138671875 0.129296875
5 0.66630859375 0.28486328125 0.112890625 0.13984375
1 0.6869628906249999 0.362451171875 0.11259765625 0.10380859375
0 0.6378906249999999 0.20224609375000002 0.01640625 0.0572265625
5 0.72666015625 0.454248046875 0.21875 0.16572265625
5 0.464013671875 0.509423828125 0.07939453125 0.10419921875
3 0.8068359374999999 0.58017578125 0.1443359375 0.1154296875
5 0.26240234375 0.697216796875 0.2748046875 0.24169921875
0 0.366064453125 0.77294921875 0.16416015625 0.1240234375
5 0.455810546875 0.6177246093750001 0.16318359375 0.20498046875
7 0.17314453124999998 0.87470703125 0.0267578125 0.041015625
5 0.617431640625 0.493896484375 0.23486328125 0.21201171875
1 0.65576171875 0.506103515625 0.101171875 0.15771484375
5 0.610107421875 0.630078125 0.23408203125 0.1875
1 0.6529296875 0.6200195312500001 0.09453125 0.1263671875
0 0.48515625 0.44326171875000003 0.0625 0.051953125
0 0.490087890625 0.6357421875 0.07783203125 0.0248046875
0 0.319189453125 0.538916015625 0.16962890625 0.11611328125
