1 0.57861328125 0.7154296874999999 0.3392578125 0.3296875
3 0.48974609375 0.209765625 0.1193359375 0.189453125
7 0.353662109375 0.486083984375 0.39033203125 0.63759765625
3 0.65849609375 0.38291015625 0.20390625 0.2724609375
5 0.587646484375 0.41962890625 0.07763671875 0.049609375
0 0.676123046875 0.3533203125 0.23662109375 0.2185546875
1 0.596728515625 0.630810546875 0.27724609375 0.33232421875
5 0.5729003906250001 0.57138671875 0.08974609375 0.075390625
1 0.585107421875 0.610595703125 0.21181640625 0.08427734375
1 0.5888671875 0.62861328125 0.1931640625 0.083984375
