0 0.008203125 0.74189453125 0.01640625 0.0830078125
7 0.0806640625 0.649169921875 0.154296875 0.26650390625
7 0.19326171875 0.6703125 0.1111328125 0.097265625
7 0.2505859375 0.49453125 0.328125 0.271484375
5 0.406005859375 0.385888671875 0.04013671875 0.01318359375
0 0.6044433593749999 0.67529296875 0.07041015625 0.04296875
7 0.66318359375 0.5094238281250001 0.560546875 0.60419921875
1 0.40683593749999997 0.498681640625 0.0369140625 0.10380859375
5 0.416748046875 0.513232421875 0.11630859375 0.10380859375
1 0.7998535156250001 0.8486816406250001 0.05751953125 0.05654296875
7 0.60048828125 0.847021484375 0.0412109375 0.04462890625
