5 0.42138671875 0.499853515625 0.8373046875 0.99970703125
0 0.498974609375 0.07587890624999999 0.03076171875 0.077734375
7 0.18681640625 0.340625 0.091796875 0.222265625
7 0.5203125 0.7820312500000001 0.1001953125 0.1322265625
7 0.273095703125 0.421435546875 0.08134765625 0.09091796875
7 0.33310546875 0.398828125 0.351171875 0.2982421875
5 0.3833984375 0.17231445312500002 0.205859375 0.29501953125
0 0.52392578125 0.704833984375 0.13515625 0.22919921875
5 0.592431640625 0.4916015625 0.18330078125 0.185546875
1 0.5658203125 0.2751953125 0.1748046875 0.3267578125
5 0.44980468749999997 0.447216796875 0.1966796875 0.32177734375
5 0.410888671875 0.7326171874999999 0.21357421875 0.276171875
0 0.398291015625 0.798291015625 0.02880859375 0.16865234375
1 0.439404296875 0.46376953125 0.17685546875 0.221875
3 0.27509765625 0.62119140625 0.185546875 0.172265625
0 0.431201171875 0.2263671875 0.12373046875 0.32109375
7 0.248193359375 0.270947265625 0.15205078125 0.21259765625
0 0.261181640625 0.330078125 0.10322265625 0.09921875
5 0.310791015625 0.144873046875 0.23017578125 0.25263671875
0 0.352294921875 0.245654296875 0.02353515625 0.06083984375
7 0.5661132812499999 0.634228515625 0.0681640625 0.12568359375
