0 0.7236328125 0.44296875 0.0291015625 0.07734375
1 0.38173828125 0.6705566406250001 0.4744140625 0.65830078125
0 0.320166015625 0.5968749999999999 0.11923828125 0.1529296875
7 0.367626953125 0.579931640625 0.04892578125 0.04951171875
7 0.679052734375 0.330126953125 0.10966796875 0.07861328125
0 0.3607421875 0.493310546875 0.1345703125 0.22158203125
0 0.5205078125 0.52783203125 0.0298828125 0.0388671875
2 0.465625 0.16933593749999998 0.1556640625 0.2630859375
7 0.36733398437500003 0.291357421875 0.10615234375 0.39521484375
7 0.542041015625 0.331884765625 0.24873046875 0.39794921875
0 0.7240234375 0.51787109375 0.08359375 0.1013671875
0 0.19697265625 0.475732421875 0.1830078125 0.32099609375
0 0.447216796875 0.9369140625 0.12978515625 0.1013671875
7 0.470263671875 0.501513671875 0.08056640625 0.20517578125
7 0.48759765625 0.30986328125 0.134765625 0.0783203125
1 0.652099609375 0.234619140625 0.05771484375 0.07626953125
1 0.428662109375 0.44003906249999997 0.02255859375 0.076953125
7 0.6974609374999999 0.30869140625 0.0650390625 0.1060546875
0 0.7494140625000001 0.35615234375 0.039453125 0.203515625
2 0.6543457031250001 0.43911132812500003 0.19326171875 0.25498046875
7 0.250048828125 0.5458984375 0.11650390625 0.3681640625
2 0.424755859375 0.70126953125 0.30576171875 0.2091796875
0 0.21533203125 0.7275878906250001 0.1205078125 0.07294921875
0 0.254296875 0.8624999999999999 0.13203125 0.1111328125
