0 0.20371093750000002 0.42509765625 0.19375 0.15078125
7 0.8337890625 0.947998046875 0.331640625 0.10341796875
6 0.59248046875 0.600390625 0.435546875 0.288671875
1 0.45200195312499997 0.446875 0.12431640625 0.1453125
7 0.547607421875 0.426611328125 0.08662109375 0.06845703125
0 0.568017578125 0.08974609375 0.12470703125 0.0818359375
0 0.606787109375 0.126513671875 0.16201171875 0.14833984375
0 0.5580566406249999 0.10078125 0.09091796875 0.0736328125
0 0.580078125 0.264404296875 0.2275390625 0.11162109375
0 0.552880859375 0.29697265625 0.12958984375 0.0810546875
0 0.874951171875 0.506884765625 0.07470703125 0.08759765625
0 0.9295898437500001 0.45244140624999996 0.06484375 0.0681640625
