5 0.7987792968749999 0.721630859375 0.19736328125 0.15087890625
5 0.77099609375 0.6309570312499999 0.1634765625 0.1314453125
5 0.7982421875000001 0.51064453125 0.15859375 0.144140625
5 0.809716796875 0.360205078125 0.19599609375 0.18994140625
1 0.456494140625 0.702490234375 0.49091796875 0.28544921875
1 0.488525390625 0.475146484375 0.46728515625 0.25869140625
1 0.463623046875 0.22607421875 0.49072265625 0.326171875
0 0.25742187499999997 0.12392578125 0.0681640625 0.0482421875
0 0.275048828125 0.21591796875 0.07236328125 0.0326171875
0 0.295068359375 0.30859375 0.07119140625 0.0341796875
