0 0.47377929687500003 0.3171875 0.06123046875 0.03046875
1 0.242822265625 0.7005859375000001 0.30302734375 0.254296875
1 0.612353515625 0.6026367187499999 0.43896484375 0.5697265625
1 0.747119140625 0.370703125 0.34794921875 0.43125
1 0.3763671875 0.87685546875 0.752734375 0.245703125
1 0.178466796875 0.767578125 0.35693359375 0.3267578125
1 0.082958984375 0.699609375 0.16591796875 0.159765625
1 0.022705078125 0.609423828125 0.04541015625 0.05029296875
1 0.656689453125 0.344873046875 0.45927734375 0.53173828125
1 0.518017578125 0.582666015625 0.08955078125 0.05888671875
7 0.942919921875 0.886376953125 0.11357421875 0.22587890625
4 0.12275390625 0.597607421875 0.086328125 0.07080078125
