7 0.599365234375 0.51689453125 0.07509765625 0.03125
1 0.561669921875 0.3228515625 0.09228515625 0.0880859375
7 0.483837890625 0.39204101562500004 0.11708984375 0.12724609375
7 0.50498046875 0.531103515625 0.1693359375 0.08212890625
7 0.6208984375 0.34541015625 0.0830078125 0.039453125
1 0.302587890625 0.520654296875 0.28310546875 0.09990234375
7 0.45869140625 0.7449218750000001 0.05625 0.13515625
7 0.40048828125 0.6064941406250001 0.1931640625 0.18525390625
7 0.84140625 0.5060546874999999 0.23515625 0.2115234375
0 0.313671875 0.790673828125 0.33828125 0.39482421875
7 0.746240234375 0.509521484375 0.08564453125 0.07763671875
1 0.6400390625000001 0.43037109375 0.1703125 0.142578125
7 0.6493652343749999 0.50400390625 0.04599609375 0.02578125
1 0.481787109375 0.17231445312500002 0.54501953125 0.34404296875
1 0.66669921875 0.715625 0.4947265625 0.460546875
1 0.328369140625 0.48398437499999997 0.29365234375 0.070703125
1 0.29775390625 0.414892578125 0.3197265625 0.15576171875
1 0.25498046875 0.359130859375 0.3015625 0.14189453125
1 0.23212890625 0.310986328125 0.28046875 0.09228515625
1 0.232421875 0.285888671875 0.2552734375 0.08955078125
1 0.15615234374999998 0.20004882812500002 0.2513671875 0.22197265625
7 0.740087890625 0.317626953125 0.27119140625 0.22841796875
0 0.519189453125 0.43217773437499996 0.15009765625 0.15595703125
