7 0.90244140625 0.3916015625 0.1947265625 0.53046875
1 0.76923828125 0.3876953125 0.1416015625 0.2681640625
0 0.05751953125 0.570068359375 0.1150390625 0.61240234375
0 0.238525390625 0.43935546875 0.42587890625 0.659765625
7 0.189453125 0.829052734375 0.3234375 0.34130859375
7 0.42792968750000004 0.6873535156249999 0.315234375 0.51552734375
7 0.565966796875 0.376318359375 0.33037109375 0.41728515625
7 0.409375 0.21875 0.3013671875 0.4375
7 0.718603515625 0.635205078125 0.31123046875 0.35712890625
5 0.714013671875 0.44912109375 0.06494140625 0.041015625
5 0.75263671875 0.39560546874999997 0.0607421875 0.090234375
7 0.79375 0.7687011718750001 0.4119140625 0.46201171875
