7 0.025634765625 0.335888671875 0.05126953125 0.05576171875
2 0.29697265625 0.18452148437500002 0.1025390625 0.11357421875
1 0.37353515625 0.23017578125 0.146484375 0.1333984375
1 0.2015625 0.36552734374999996 0.403125 0.3888671875
1 0.102685546875 0.6375488281249999 0.20537109375 0.17685546875
7 0.239697265625 0.6598632812499999 0.08662109375 0.050390625
1 0.06962890625 0.7115234375 0.129296875 0.0267578125
1 0.381591796875 0.956884765625 0.76318359375 0.08583984375
1 0.012744140625 0.84521484375 0.02548828125 0.242578125
1 0.11093750000000001 0.837548828125 0.198046875 0.26142578125
1 0.265673828125 0.7467773437499999 0.26884765625 0.1607421875
7 0.47998046875 0.77705078125 0.836328125 0.4291015625
6 0.492236328125 0.4546875 0.79599609375 0.434765625
0 0.4515625 0.407470703125 0.698046875 0.29716796875
0 0.546484375 0.5390625 0.672265625 0.262109375
