1 0.5646484375 0.304248046875 0.5201171875 0.55029296875
5 0.662353515625 0.158544921875 0.04091796875 0.02880859375
5 0.606103515625 0.168798828125 0.01982421875 0.04130859375
0 0.6287109375 0.156298828125 0.0689453125 0.06650390625
5 0.489306640625 0.364453125 0.12646484375 0.18125
5 0.53359375 0.284912109375 0.048828125 0.03740234375
5 0.496630859375 0.25283203125 0.10146484375 0.064453125
5 0.6161132812500001 0.22158203125 0.1791015625 0.088671875
0 0.660205078125 0.17392578125 0.11357421875 0.0701171875
0 0.621142578125 0.232763671875 0.14111328125 0.12763671875
