5 0.2767578125 0.674951171875 0.1884765625 0.08955078125
0 0.2791015625 0.554736328125 0.1322265625 0.12177734375
0 0.674267578125 0.2689453125 0.13818359375 0.1048828125
1 0.37836914062500004 0.28798828125 0.60322265625 0.373046875
5 0.490771484375 0.089501953125 0.36240234375 0.14384765625
2 0.667138671875 0.40205078125 0.20341796875 0.097265625
5 0.741845703125 0.45263671875 0.09091796875 0.023828125
7 0.48134765625 0.486474609375 0.310546875 0.23193359375
7 0.6044921875 0.690380859375 0.626953125 0.61884765625
5 0.839453125 0.860205078125 0.0353515625 0.03740234375
7 0.545458984375 0.953955078125 0.05322265625 0.03447265625
1 0.057666015625 0.969482421875 0.08232421875 0.05205078125
1 0.668994140625 0.4072265625 0.11181640625 0.0892578125
