1 0.28422851562499996 0.59013671875 0.13740234375 0.3740234375
1 0.47797851562500004 0.80634765625 0.36162109375 0.215234375
1 0.35537109375 0.438623046875 0.0173828125 0.03408203125
1 0.53037109375 0.636279296875 0.425390625 0.38095703125
1 0.34091796874999997 0.507080078125 0.0642578125 0.10947265625
1 0.384619140625 0.594580078125 0.23408203125 0.26591796875
1 0.4701171875 0.503466796875 0.153515625 0.06708984375
1 0.35590820312500004 0.4287109375 0.01435546875 0.038671875
1 0.533349609375 0.4427734375 0.36181640625 0.1818359375
1 0.578125 0.5925781250000001 0.17109375 0.1818359375
1 0.543212890625 0.347900390625 0.31005859375 0.19970703125
1 0.35996093749999997 0.44384765625 0.0330078125 0.0390625
