0 0.16933593749999998 0.6771972656249999 0.144140625 0.18779296875
1 0.35380859374999996 0.591796875 0.2462890625 0.202734375
1 0.332958984375 0.736962890625 0.20458984375 0.17822265625
1 0.551416015625 0.7142578125 0.18623046875 0.1130859375
1 0.5453125 0.660400390625 0.1580078125 0.19580078125
1 0.5365722656249999 0.7951171875 0.14951171875 0.0830078125
1 0.827978515625 0.7382324218749999 0.25224609375 0.20537109375
0 0.239599609375 0.542333984375 0.04716796875 0.08466796875
0 0.36943359375 0.664404296875 0.1451171875 0.02978515625
0 0.447900390625 0.576025390625 0.02724609375 0.07275390625
