6 0.348388671875 0.741357421875 0.39912109375 0.22275390625
6 0.34658203125 0.532080078125 0.376953125 0.17138671875
6 0.382763671875 0.660205078125 0.26220703125 0.18603515625
6 0.13725585937499998 0.5302734375 0.23408203125 0.4474609375
6 0.313037109375 0.365087890625 0.52216796875 0.42314453125
6 0.22763671875 0.64931640625 0.098828125 0.2271484375
6 0.252685546875 0.651220703125 0.09130859375 0.21455078125
7 0.574560546875 0.318310546875 0.15908203125 0.09404296875
7 0.6089355468750001 0.333056640625 0.14248046875 0.10263671875
1 0.83681640625 0.429833984375 0.2013671875 0.17412109375
1 0.847021484375 0.42509765625 0.19013671875 0.15078125
1 0.9162109375 0.478271484375 0.1669921875 0.05927734375
1 0.816943359375 0.393994140625 0.20927734375 0.07021484375
1 0.92197265625 0.424609375 0.15546875 0.1046875
1 0.953564453125 0.375390625 0.09228515625 0.109375
1 0.983984375 0.35029296875 0.0314453125 0.0369140625
1 0.851806640625 0.312646484375 0.29560546875 0.12919921875
6 0.52646484375 0.32504882812499997 0.0873046875 0.06376953125
