0 0.26787109375 0.364111328125 0.5357421875 0.72822265625
3 0.723681640625 0.209521484375 0.55205078125 0.40771484375
0 0.82939453125 0.42529296875 0.3408203125 0.6626953125
3 0.640087890625 0.0140625 0.53369140625 0.028125
0 0.73681640625 0.106298828125 0.1462890625 0.21259765625
5 0.270458984375 0.413037109375 0.21259765625 0.82607421875
5 0.680712890625 0.233154296875 0.63818359375 0.46298828125
3 0.485400390625 0.048779296875 0.43603515625 0.09755859375
3 0.543896484375 0.511865234375 0.70341796875 0.85908203125
3 0.52392578125 0.1208984375 0.4283203125 0.1650390625
