5 0.37338867187499997 0.39218749999999997 0.62294921875 0.6228515625
1 0.83955078125 0.374267578125 0.3203125 0.26845703125
1 0.097607421875 0.40791015625000004 0.12177734375 0.3609375
1 0.13037109375 0.33720703124999996 0.1982421875 0.3419921875
1 0.147998046875 0.377392578125 0.11318359375 0.18271484375
5 0.23715820312500002 0.222705078125 0.14150390625 0.16494140625
1 0.264013671875 0.46450195312500003 0.24677734375 0.18466796875
3 0.295654296875 0.5958984375 0.30146484375 0.12109375
1 0.14658203125000002 0.02529296875 0.13515625 0.0505859375
7 0.586083984375 0.5184082031249999 0.82724609375 0.56767578125
1 0.417578125 0.068896484375 0.53125 0.13779296875
5 0.474365234375 0.19008789062499998 0.39267578125 0.13974609375
3 0.217041015625 0.440234375 0.22333984375 0.196875
0 0.8237792968750001 0.28603515625 0.14521484375 0.09765625
