5 0.271337890625 0.20498046875 0.13388671875 0.3142578125
7 0.221533203125 0.296337890625 0.21298828125 0.11259765625
7 0.084130859375 0.237451171875 0.07177734375 0.07763671875
5 0.069921875 0.2236328125 0.13984375 0.1689453125
0 0.159375 0.5142578125 0.31875 0.4248046875
2 0.491357421875 0.615478515625 0.35048828125 0.34052734375
5 0.49111328125 0.4013671875 0.4041015625 0.1416015625
0 0.33017578125 0.197021484375 0.0982421875 0.34248046875
1 0.48759765624999996 0.60166015625 0.346875 0.2544921875
1 0.9523437499999999 0.937353515625 0.09453125 0.12470703125
0 0.36396484375 0.59365234375 0.0982421875 0.190234375
