5 0.46650390625 0.56123046875 0.9330078125 0.8763671875
4 0.357763671875 0.228125 0.08505859375 0.1044921875
4 0.30380859375 0.28984375 0.091796875 0.120703125
4 0.44125976562499997 0.25048828125 0.08583984375 0.1220703125
4 0.526171875 0.293798828125 0.09296875 0.18486328125
4 0.388916015625 0.3203125 0.09521484375 0.1154296875
4 0.25131835937499997 0.356298828125 0.09990234375 0.12470703125
4 0.33979492187500004 0.401611328125 0.10419921875 0.13662109375
4 0.47578125 0.3623046875 0.0994140625 0.137890625
4 0.607666015625 0.357763671875 0.09873046875 0.14814453125
4 0.17880859375 0.44145507812499996 0.1130859375 0.14677734375
4 0.262646484375 0.49287109375 0.11904296875 0.168359375
4 0.436279296875 0.44794921875000004 0.11064453125 0.180859375
4 0.359375 0.585205078125 0.1205078125 0.26357421875
4 0.574560546875 0.431201171875 0.10244140625 0.16005859375
4 0.088134765625 0.51962890625 0.13916015625 0.1775390625
4 0.185107421875 0.595703125 0.13466796875 0.180859375
4 0.3041015625 0.6593749999999999 0.14140625 0.21953125
4 0.7022949218750001 0.414892578125 0.10341796875 0.20341796875
4 0.814892578125 0.4173828125 0.11884765625 0.1349609375
4 0.532958984375 0.50517578125 0.11357421875 0.185546875
4 0.467431640625 0.6428710937500001 0.12626953125 0.2638671875
4 0.6774414062499999 0.49980468749999996 0.1138671875 0.2185546875
4 0.639404296875 0.59892578125 0.12255859375 0.239453125
4 0.589501953125 0.7087890625 0.13740234375 0.2939453125
4 0.54560546875 0.803857421875 0.152734375 0.21162109375
4 0.79052734375 0.510107421875 0.1322265625 0.15576171875
4 0.7608398437499999 0.627978515625 0.144140625 0.19580078125
4 0.718017578125 0.7921875 0.16416015625 0.28671875
0 0.9571289062499999 0.9412597656249999 0.0376953125 0.04794921875
