7 0.472412109375 0.62900390625 0.03271484375 0.032421875
5 0.03857421875 0.222705078125 0.0771484375 0.11806640625
1 0.796728515625 0.28837890624999996 0.23193359375 0.31875
1 0.882177734375 0.5857910156249999 0.13642578125 0.30654296875
1 0.8186523437500001 0.4830078125 0.0763671875 0.096875
1 0.820947265625 0.528955078125 0.07392578125 0.14912109375
1 0.4640625 0.176416015625 0.498046875 0.30791015625
1 0.43837890625 0.3224609375 0.4798828125 0.52578125
1 0.7081054687499999 0.713623046875 0.284765625 0.36376953125
1 0.74951171875 0.64453125 0.09921875 0.0615234375
2 0.70224609375 0.6704589843750001 0.0265625 0.03798828125
7 0.6444824218749999 0.68056640625 0.09892578125 0.08203125
7 0.750732421875 0.454248046875 0.15380859375 0.26162109375
1 0.7423828124999999 0.59228515625 0.1177734375 0.1078125
7 0.605224609375 0.375830078125 0.30478515625 0.29599609375
7 0.6433593750000001 0.5940429687500001 0.117578125 0.1498046875
1 0.57412109375 0.705322265625 0.0505859375 0.11904296875
7 0.5450195312499999 0.535107421875 0.29140625 0.22822265625
1 0.455126953125 0.8564941406250001 0.32041015625 0.25263671875
1 0.31674804687499997 0.77529296875 0.01884765625 0.051953125
6 0.316650390625 0.818994140625 0.01416015625 0.04599609375
1 0.536962890625 0.792333984375 0.15673828125 0.19111328125
1 0.470068359375 0.834130859375 0.02998046875 0.04462890625
1 0.513134765625 0.717919921875 0.11455078125 0.18779296875
5 0.52158203125 0.79443359375 0.121484375 0.0935546875
1 0.492724609375 0.84111328125 0.04443359375 0.0234375
7 0.331982421875 0.56396484375 0.17880859375 0.418359375
7 0.386962890625 0.30107421875 0.17216796875 0.3091796875
7 0.0740234375 0.899658203125 0.148046875 0.20009765625
7 0.23984375 0.8795898437499999 0.1994140625 0.2400390625
7 0.38857421875000003 0.75888671875 0.144140625 0.375
7 0.418896484375 0.60068359375 0.06943359375 0.0248046875
0 0.84990234375 0.29150390625 0.1259765625 0.1259765625
