1 0.169775390625 0.36376953125 0.04189453125 0.1474609375
1 0.20673828125 0.3552734375 0.0751953125 0.1021484375
7 0.569189453125 0.63330078125 0.22822265625 0.2771484375
1 0.764501953125 0.361767578125 0.10888671875 0.19248046875
1 0.7842285156250001 0.3623046875 0.12099609375 0.17890625
1 0.73720703125 0.48740234375 0.0880859375 0.118359375
1 0.307177734375 0.41796875 0.18076171875 0.1818359375
7 0.272802734375 0.37827148437499997 0.07783203125 0.05888671875
5 0.341162109375 0.34990234375 0.05185546875 0.06484375
5 0.31967773437499997 0.3115234375 0.05361328125 0.034375
6 0.31376953125 0.370361328125 0.1037109375 0.12041015625
7 0.416943359375 0.427587890625 0.11904296875 0.23876953125
1 0.188623046875 0.41948242187499996 0.03447265625 0.05986328125
1 0.21528320312500002 0.440380859375 0.03916015625 0.10751953125
1 0.22431640625 0.447216796875 0.0275390625 0.09091796875
1 0.12783203125 0.38837890625000004 0.0642578125 0.0763671875
1 0.088037109375 0.49868164062500003 0.10517578125 0.21298828125
1 0.141845703125 0.5326171875 0.16962890625 0.2046875
1 0.11723632812500001 0.48974609375 0.09052734375 0.0734375
7 0.082373046875 0.477490234375 0.04072265625 0.04697265625
4 0.0830078125 0.478369140625 0.0513671875 0.04990234375
1 0.253857421875 0.664208984375 0.39462890625 0.41767578125
5 0.36962890625 0.58251953125 0.06171875 0.0724609375
5 0.28793945312499997 0.59189453125 0.05751953125 0.0529296875
5 0.346044921875 0.593603515625 0.09248046875 0.07470703125
5 0.2822265625 0.5595214843749999 0.0689453125 0.06748046875
5 0.329931640625 0.698291015625 0.01806640625 0.04599609375
5 0.35322265625 0.671142578125 0.034765625 0.04794921875
5 0.203662109375 0.641845703125 0.06748046875 0.07802734375
5 0.32021484375 0.800146484375 0.02578125 0.04072265625
5 0.2876953125 0.7755859374999999 0.0669921875 0.0935546875
5 0.2123046875 0.710986328125 0.049609375 0.06943359375
5 0.27314453125 0.669677734375 0.122265625 0.13623046875
0 0.32431640625 0.671142578125 0.0294921875 0.05458984375
0 0.1728515625 0.6913085937500001 0.038671875 0.0267578125
5 0.2322265625 0.739111328125 0.0533203125 0.03505859375
0 0.234765625 0.7427734375 0.0513671875 0.0734375
1 0.11025390625 0.47421875 0.0359375 0.041015625
