5 0.097998046875 0.188720703125 0.10478515625 0.37744140625
1 0.1529296875 0.37080078125 0.202734375 0.4806640625
5 0.236376953125 0.25322265625 0.10048828125 0.2599609375
1 0.72763671875 0.421142578125 0.0439453125 0.12451171875
1 0.8666015625000001 0.37275390625000004 0.2662109375 0.28671875
7 0.946875 0.17451171875 0.10546875 0.1322265625
5 0.960009765625 0.24169921875 0.07939453125 0.0552734375
5 0.894482421875 0.247265625 0.09658203125 0.058984375
5 0.9754882812500001 0.319287109375 0.0482421875 0.10791015625
1 0.929052734375 0.308154296875 0.08232421875 0.09052734375
0 0.894677734375 0.624267578125 0.19541015625 0.05009765625
1 0.946630859375 0.53271484375 0.10615234375 0.189453125
0 0.8890625000000001 0.574853515625 0.090234375 0.04658203125
1 0.9005859374999999 0.7365234374999999 0.198046875 0.221484375
1 0.86513671875 0.7091796875 0.0767578125 0.101953125
1 0.8999999999999999 0.7809082031250001 0.0796875 0.10341796875
1 0.950732421875 0.755517578125 0.07275390625 0.04716796875
2 0.809716796875 0.76708984375 0.06845703125 0.0376953125
2 0.814501953125 0.7559570312499999 0.07138671875 0.0376953125
2 0.820654296875 0.72119140625 0.07509765625 0.0818359375
7 0.714404296875 0.629248046875 0.25888671875 0.29560546875
7 0.77646484375 0.494384765625 0.06875 0.03447265625
7 0.272802734375 0.455810546875 0.26318359375 0.29013671875
7 0.289990234375 0.38974609375 0.11376953125 0.05234375
7 0.49287109375 0.44916992187500004 0.4322265625 0.32783203125
5 0.408056640625 0.334033203125 0.15478515625 0.03173828125
7 0.56611328125 0.7919433593749999 0.31484375 0.36162109375
7 0.6359375 0.6274902343750001 0.123046875 0.05654296875
5 0.5663574218749999 0.386328125 0.12998046875 0.0845703125
