1 0.41777343749999996 0.318408203125 0.2048828125 0.13857421875
0 0.55947265625 0.28974609375 0.0958984375 0.082421875
4 0.47299804687499997 0.3248046875 0.17080078125 0.1310546875
0 0.44140625 0.389892578125 0.167578125 0.31630859375
4 0.65830078125 0.430712890625 0.2693359375 0.23232421875
1 0.6085449218750001 0.334521484375 0.14931640625 0.17880859375
5 0.43828125 0.46918945312500004 0.357421875 0.19013671875
2 0.354736328125 0.690087890625 0.19423828125 0.27490234375
1 0.5291015625 0.7015625 0.296484375 0.4314453125
1 0.6986816406249999 0.492919921875 0.06962890625 0.12177734375
1 0.471923828125 0.5979492187500001 0.08486328125 0.098046875
5 0.6890624999999999 0.5814453125000001 0.066015625 0.082421875
