3 0.893408203125 0.34760742187500004 0.01357421875 0.02900390625
3 0.79697265625 0.2798828125 0.036328125 0.044921875
3 0.439013671875 0.85107421875 0.04990234375 0.0255859375
3 0.6283203125 0.267919921875 0.0720703125 0.05478515625
3 0.544677734375 0.306689453125 0.09990234375 0.17333984375
3 0.17275390624999998 0.44643554687500003 0.176953125 0.12900390625
3 0.31088867187499997 0.440185546875 0.09990234375 0.08876953125
3 0.383544921875 0.46425781250000003 0.04560546875 0.0412109375
3 0.37172851562500003 0.43330078125 0.04697265625 0.0376953125
3 0.4140625 0.419775390625 0.1130859375 0.08701171875
5 0.194140625 0.3431640625 0.2123046875 0.1009765625
3 0.3017578125 0.844384765625 0.0724609375 0.06572265625
3 0.244091796875 0.794775390625 0.13095703125 0.09248046875
3 0.263916015625 0.74033203125 0.10849609375 0.1037109375
3 0.856982421875 0.4701171875 0.08896484375 0.043359375
3 0.72021484375 0.321923828125 0.1302734375 0.18701171875
3 0.841748046875 0.372802734375 0.12470703125 0.19990234375
3 0.9447265625000001 0.6442382812499999 0.109765625 0.179296875
3 0.95068359375 0.457763671875 0.0978515625 0.19521484375
3 0.783203125 0.47529296875 0.047265625 0.033984375
3 0.812353515625 0.396044921875 0.26025390625 0.12451171875
3 0.7651855468750001 0.6474609375 0.06220703125 0.0294921875
3 0.8203125 0.62373046875 0.1240234375 0.029296875
3 0.756298828125 0.602099609375 0.19580078125 0.07763671875
3 0.615185546875 0.47568359375 0.17158203125 0.1994140625
3 0.7814453125 0.7650878906249999 0.20703125 0.10068359375
3 0.545263671875 0.831494140625 0.13955078125 0.04736328125
3 0.5443359375 0.809130859375 0.0720703125 0.04443359375
3 0.6526367187500001 0.8114746093749999 0.0744140625 0.05302734375
3 0.6374023437499999 0.7740722656250001 0.1802734375 0.05849609375
3 0.8768554687500001 0.68330078125 0.0658203125 0.0654296875
3 0.79931640625 0.7017578125 0.2103515625 0.1396484375
3 0.902490234375 0.569677734375 0.19443359375 0.19345703125
3 0.723388671875 0.504736328125 0.24306640625 0.18994140625
3 0.50498046875 0.45268554687499996 0.1818359375 0.13642578125
3 0.354150390625 0.32900390625 0.23876953125 0.19765625
3 0.519677734375 0.321044921875 0.28271484375 0.12529296875
3 0.373974609375 0.7868164062499999 0.15341796875 0.1619140625
3 0.48623046875000003 0.804833984375 0.12265625 0.07392578125
3 0.298486328125 0.6607421875 0.10087890625 0.04609375
3 0.40361328125 0.6879394531249999 0.1087890625 0.14677734375
3 0.17412109375 0.6826171875 0.1927734375 0.140625
3 0.348095703125 0.611572265625 0.11474609375 0.11904296875
3 0.286572265625 0.49912109374999997 0.12001953125 0.0736328125
3 0.20205078125 0.583837890625 0.251953125 0.19248046875
3 0.5796875 0.68330078125 0.2890625 0.2142578125
3 0.418017578125 0.554541015625 0.22158203125 0.18056640625
3 0.516015625 0.54228515625 0.2748046875 0.1912109375
