5 0.50234375 0.5752929687499999 0.609765625 0.41640625
1 0.595751953125 0.457666015625 0.51748046875 0.32412109375
1 0.68095703125 0.501416015625 0.1845703125 0.26318359375
1 0.6508300781249999 0.499853515625 0.20439453125 0.20712890625
7 0.393408203125 0.47963867187500003 0.17431640625 0.10068359375
0 0.474365234375 0.698681640625 0.13720703125 0.11904296875
0 0.31123046875 0.68408203125 0.1349609375 0.097265625
0 0.407958984375 0.660400390625 0.29931640625 0.09404296875
0 0.32358398437499997 0.54462890625 0.14248046875 0.0763671875
0 0.5751953125 0.702978515625 0.03671875 0.03349609375
0 0.574560546875 0.73828125 0.15576171875 0.0396484375
0 0.36669921875 0.60205078125 0.2810546875 0.0498046875
0 0.42080078125 0.49580078125 0.1498046875 0.0982421875
0 0.43930664062499997 0.570947265625 0.16298828125 0.08037109375
0 0.35800781249999997 0.609814453125 0.1927734375 0.15771484375
2 0.5968749999999999 0.585595703125 0.22421875 0.22568359375
5 0.58916015625 0.45869140625 0.2509765625 0.0955078125
0 0.49887695312499997 0.682177734375 0.13662109375 0.14658203125
1 0.5990234375 0.571826171875 0.2232421875 0.17333984375
0 0.462939453125 0.684619140625 0.19248046875 0.14208984375
0 0.65380859375 0.661279296875 0.183203125 0.12919921875
1 0.01552734375 0.79501953125 0.0310546875 0.2021484375
0 0.959033203125 0.858642578125 0.08134765625 0.21474609375
0 0.9339843750000001 0.7652832031250001 0.13125 0.36435546875
0 0.98134765625 0.6568359375 0.03671875 0.0681640625
