7 0.499853515625 0.576953125 0.99970703125 0.4970703125
0 0.479150390625 0.516845703125 0.05224609375 0.05087890625
0 0.45185546875 0.488134765625 0.073046875 0.07275390625
0 0.47255859375 0.5778320312499999 0.0634765625 0.07109375
0 0.5505859375 0.549951171875 0.083984375 0.07138671875
0 0.533447265625 0.58994140625 0.06220703125 0.0654296875
0 0.599560546875 0.5663574218749999 0.07802734375 0.07841796875
0 0.531591796875 0.501806640625 0.07373046875 0.07373046875
0 0.4365234375 0.5529296875 0.0787109375 0.08203125
0 0.4578125 0.6250488281250001 0.0724609375 0.07412109375
0 0.3876953125 0.494384765625 0.0763671875 0.07275390625
