6 0.12973632812500002 0.49555664062500004 0.11708984375 0.23115234375
6 0.206591796875 0.46298828125 0.23212890625 0.4431640625
6 0.3275390625 0.451904296875 0.1783203125 0.32041015625
6 0.39130859375000004 0.454248046875 0.10859375 0.18818359375
6 0.445361328125 0.45390625 0.05634765625 0.25234375
6 0.47202148437499997 0.48212890625 0.04814453125 0.230859375
6 0.52509765625 0.440478515625 0.112109375 0.32998046875
0 0.638720703125 0.64912109375 0.34990234375 0.1732421875
6 0.56982421875 0.448876953125 0.048828125 0.21923828125
6 0.596875 0.512548828125 0.0791015625 0.39287109375
6 0.63876953125 0.46455078125000004 0.043359375 0.3068359375
6 0.7505371093750001 0.50556640625 0.22919921875 0.4265625
0 0.08037109375 0.43408203125 0.0357421875 0.051953125
0 0.5853515625 0.5001953125 0.0927734375 0.3740234375
0 0.40493164062500003 0.452392578125 0.02802734375 0.18251953125
0 0.44814453125 0.45371093749999997 0.0505859375 0.2513671875
0 0.75478515625 0.500634765625 0.2169921875 0.40009765625
