7 0.220947265625 0.3123046875 0.04658203125 0.1240234375
7 0.30439453125 0.329052734375 0.184765625 0.34130859375
6 0.386572265625 0.149951171875 0.24482421875 0.29990234375
7 0.470166015625 0.45268554687499996 0.16943359375 0.35712890625
0 0.497265625 0.32900390625 0.049609375 0.06875
1 0.6324218749999999 0.8097167968750001 0.371484375 0.31650390625
1 0.697509765625 0.649169921875 0.50615234375 0.54365234375
1 0.80615234375 0.685302734375 0.2958984375 0.46259765625
1 0.30361328125 0.69345703125 0.32890625 0.498046875
1 0.24736328125 0.611474609375 0.398046875 0.53701171875
