7 0.77255859375 0.9026367187500001 0.08828125 0.1564453125
7 0.226611328125 0.796484375 0.33212890625 0.4064453125
7 0.5673828125 0.8984375 0.3822265625 0.20234375
1 0.144970703125 0.170947265625 0.08310546875 0.18779296875
7 0.131201171875 0.6483398437500001 0.26240234375 0.702734375
7 0.08876953125 0.24008789062500002 0.1775390625 0.32939453125
0 0.375 0.8646972656249999 0.393359375 0.26982421875
5 0.343017578125 0.9176757812499999 0.11357421875 0.1177734375
0 0.35791015625 0.9541015625 0.038671875 0.0390625
7 0.422021484375 0.5439453125 0.50517578125 0.911328125
