7 0.975732421875 0.5583984375 0.04814453125 0.0896484375
1 0.036474609375 0.643505859375 0.07294921875 0.12958984375
7 0.45126953125 0.620751953125 0.3271484375 0.45107421875
4 0.013623046875 0.829052734375 0.02724609375 0.15810546875
4 0.077978515625 0.949609375 0.15595703125 0.1001953125
1 0.18930664062500002 0.69091796875 0.26591796875 0.6173828125
9 0.090380859375 0.820947265625 0.18076171875 0.27216796875
5 0.31855468750000004 0.7716796875 0.0255859375 0.221875
6 0.52412109375 0.34873046875 0.3537109375 0.3587890625
7 0.6607421875 0.78525390625 0.35859375 0.42890625
7 0.87646484375 0.12431640625 0.246484375 0.2486328125
7 0.8966796875 0.434521484375 0.2060546875 0.38427734375
