7 0.730078125 0.04580078125 0.122265625 0.0916015625
7 0.8005859375000001 0.069921875 0.0724609375 0.13984375
7 0.366552734375 0.2962890625 0.24951171875 0.375
7 0.595751953125 0.242041015625 0.19443359375 0.26318359375
1 0.7748046875 0.194775390625 0.2068359375 0.18583984375
1 0.76298828125 0.217578125 0.1490234375 0.1197265625
1 0.778173828125 0.202880859375 0.13115234375 0.10615234375
2 0.876025390625 0.2693359375 0.08232421875 0.1841796875
7 0.7352050781249999 0.333154296875 0.27255859375 0.39521484375
7 0.52822265625 0.637890625 0.42109375 0.54765625
5 0.5884765625 0.43701171875 0.10859375 0.10546875
1 0.5732910156250001 0.4869140625 0.07314453125 0.0439453125
5 0.46005859375 0.574072265625 0.0634765625 0.05224609375
5 0.421484375 0.597900390625 0.0294921875 0.03701171875
1 0.49165039062500004 0.53623046875 0.03095703125 0.0486328125
