4 0.39599609375 0.227734375 0.4296875 0.2185546875
7 0.698583984375 0.15986328125000002 0.20166015625 0.0427734375
2 0.639013671875 0.250439453125 0.36083984375 0.17880859375
5 0.7746093749999999 0.250439453125 0.123828125 0.19052734375
0 0.805078125 0.806640625 0.1466796875 0.093359375
5 0.7947265625000001 0.7062499999999999 0.243359375 0.2125
0 0.600146484375 0.582763671875 0.12041015625 0.11826171875
0 0.27412109375 0.616064453125 0.0865234375 0.08291015625
2 0.3951171875 0.63720703125 0.2115234375 0.128515625
5 0.442529296875 0.5765625000000001 0.23232421875 0.152734375
2 0.345751953125 0.751025390625 0.28642578125 0.12626953125
0 0.204443359375 0.7758300781249999 0.01826171875 0.04423828125
7 0.204736328125 0.59697265625 0.15302734375 0.1072265625
7 0.10737304687499999 0.726806640625 0.08330078125 0.07158203125
6 0.291943359375 0.3923828125 0.07119140625 0.0958984375
7 0.261669921875 0.42514648437499997 0.12412109375 0.09892578125
0 0.29580078125 0.4755859375 0.14609375 0.0783203125
0 0.36435546875 0.44379882812500004 0.0654296875 0.19794921875
0 0.869384765625 0.44931640625 0.09697265625 0.048828125
0 0.814501953125 0.5099609374999999 0.18115234375 0.108984375
0 0.53076171875 0.69375 0.0986328125 0.06796875
0 0.599853515625 0.718896484375 0.10009765625 0.05185546875
