1 0.2673828125 0.6126953125 0.1443359375 0.2486328125
7 0.91474609375 0.355322265625 0.0423828125 0.11474609375
7 0.7234375 0.42685546875 0.143359375 0.2400390625
7 0.836279296875 0.3017578125 0.23955078125 0.30390625
7 0.87626953125 0.544677734375 0.2197265625 0.33271484375
1 0.476171875 0.526806640625 0.22421875 0.30224609375
7 0.59091796875 0.572900390625 0.2427734375 0.38330078125
7 0.562646484375 0.7765625 0.27900390625 0.314453125
2 0.394482421875 0.46547851562500003 0.07763671875 0.08701171875
1 0.44428710937500004 0.47353515625000003 0.05830078125 0.0978515625
7 0.7787109375 0.153076171875 0.0396484375 0.02978515625
0 0.730419921875 0.21611328125 0.02880859375 0.0552734375
7 0.7100097656250001 0.33237304687499997 0.05634765625 0.03701171875
7 0.803466796875 0.657421875 0.22001953125 0.3783203125
