7 0.242431640625 0.34956054687500004 0.12822265625 0.37431640625
7 0.36201171875 0.342626953125 0.13515625 0.31416015625
7 0.33369140625 0.5443359375000001 0.1435546875 0.3716796875
7 0.572705078125 0.42529296875 0.12353515625 0.2400390625
7 0.5638671875000001 0.31894531249999997 0.0716796875 0.0453125
7 0.66455078125 0.43349609375 0.12578125 0.2705078125
7 0.671142578125 0.625048828125 0.24853515625 0.35322265625
7 0.478564453125 0.42377929687500004 0.14560546875 0.16572265625
7 0.37539062500000003 0.20234375000000002 0.0845703125 0.06015625
7 0.47236328125000004 0.25771484375 0.1580078125 0.2390625
7 0.50087890625 0.62802734375 0.2150390625 0.40546875
7 0.819677734375 0.49174804687499996 0.27177734375 0.37431640625
0 0.6982421875 0.393701171875 0.0359375 0.03271484375
0 0.700927734375 0.34238281249999997 0.04814453125 0.0505859375
