1 0.918115234375 0.272509765625 0.16318359375 0.15869140625
0 0.6453125 0.21879882812499998 0.2931640625 0.12666015625
0 0.5198730468749999 0.161376953125 0.03525390625 0.06416015625
0 0.472509765625 0.220849609375 0.06748046875 0.08662109375
3 0.56279296875 0.30029296875 0.0376953125 0.04765625
0 0.53466796875 0.30107421875 0.033203125 0.055859375
0 0.4140625 0.34067382812499997 0.3162109375 0.15810546875
2 0.49638671875 0.27841796875 0.059765625 0.1177734375
1 0.28232421875 0.137255859375 0.4650390625 0.27451171875
7 0.607275390625 0.19228515625 0.28642578125 0.3845703125
7 0.834033203125 0.120556640625 0.33134765625 0.24111328125
0 0.20498046874999998 0.329345703125 0.0423828125 0.05224609375
1 0.42021484375 0.46513671875 0.26015625 0.4560546875
0 0.5327636718750001 0.45004882812499997 0.08486328125 0.09658203125
3 0.6154296875 0.43471679687500003 0.0404296875 0.04794921875
1 0.299755859375 0.52294921875 0.35341796875 0.4150390625
5 0.33212890625 0.507958984375 0.1626953125 0.23349609375
7 0.38134765625 0.48955078124999996 0.2095703125 0.223828125
7 0.59013671875 0.7544921874999999 0.1921875 0.11875
1 0.69794921875 0.535546875 0.33828125 0.48046875
5 0.361669921875 0.114111328125 0.21748046875 0.22822265625
7 0.32377929687499996 0.133935546875 0.26064453125 0.21494140625
