1 0.497314453125 0.806884765625 0.04716796875 0.06220703125
7 0.6888183593749999 0.082861328125 0.14951171875 0.16572265625
7 0.727294921875 0.2876953125 0.13017578125 0.29296875
7 0.418408203125 0.7582519531249999 0.12353515625 0.15341796875
7 0.464208984375 0.531787109375 0.34599609375 0.51455078125
6 0.77900390625 0.694921875 0.3501953125 0.5400390625
6 0.741845703125 0.6603515624999999 0.16025390625 0.215625
6 0.7896484375 0.606005859375 0.2296875 0.24833984375
7 0.67822265625 0.370751953125 0.15703125 0.27451171875
7 0.06015625 0.800927734375 0.1203125 0.37431640625
7 0.2669921875 0.892724609375 0.423828125 0.21396484375
7 0.24448242187500002 0.7533203125000001 0.32138671875 0.44375
7 0.505419921875 0.26025390625 0.36162109375 0.325390625
0 0.9693359375 0.8071777343750001 0.0607421875 0.06416015625
0 0.761328125 0.7982421875 0.3142578125 0.215625
