6 0.61650390625 0.95830078125 0.2939453125 0.0828125
6 0.614599609375 0.947509765625 0.28935546875 0.10439453125
6 0.35048828125 0.76806640625 0.260546875 0.2123046875
6 0.6150878906249999 0.867578125 0.30751953125 0.23359375
1 0.8749511718749999 0.94404296875 0.24931640625 0.111328125
7 0.29335937500000003 0.681201171875 0.0376953125 0.04736328125
7 0.370361328125 0.684033203125 0.13095703125 0.07392578125
7 0.396826171875 0.580224609375 0.25400390625 0.17685546875
6 0.619873046875 0.6779296875 0.38857421875 0.263671875
6 0.8154785156250001 0.784033203125 0.10908203125 0.33037109375
6 0.932568359375 0.88173828125 0.13427734375 0.2296875
1 0.698095703125 0.398681640625 0.60322265625 0.46259765625
6 0.927783203125 0.64404296875 0.14384765625 0.30703125
7 0.954052734375 0.47080078125 0.09130859375 0.20390625
0 0.486279296875 0.77890625 0.04990234375 0.03203125
0 0.91025390625 0.306689453125 0.17890625 0.22548828125
0 0.9646484375000001 0.344482421875 0.034375 0.07294921875
0 0.464599609375 0.2056640625 0.10712890625 0.0798828125
0 0.835986328125 0.610400390625 0.02978515625 0.03916015625
