7 0.20205078125 0.88974609375 0.0654296875 0.080078125
7 0.21918945312500002 0.85888671875 0.04892578125 0.0203125
1 0.3591796875 0.77021484375 0.0767578125 0.0810546875
1 0.43632812499999996 0.543798828125 0.073046875 0.05830078125
7 0.34907226562500004 0.6209960937500001 0.14580078125 0.117578125
7 0.278271484375 0.6109863281250001 0.26025390625 0.13662109375
7 0.52177734375 0.527734375 0.101171875 0.1001953125
7 0.279248046875 0.7640625 0.24501953125 0.2001953125
7 0.3921875 0.405078125 0.5185546875 0.3181640625
7 0.372314453125 0.178955078125 0.54033203125 0.35791015625
5 0.38955078125 0.47373046874999997 0.02578125 0.0525390625
7 0.5826171875 0.92333984375 0.2810546875 0.123046875
7 0.23256835937499998 0.954833984375 0.11337890625 0.08974609375
7 0.591943359375 0.7328613281249999 0.42919921875 0.35966796875
7 0.366748046875 0.88251953125 0.28173828125 0.234375
7 0.727392578125 0.97275390625 0.43291015625 0.0541015625
