0 0.55771484375 0.637548828125 0.259375 0.12353515625
7 0.515087890625 0.436181640625 0.48525390625 0.36123046875
7 0.772412109375 0.189208984375 0.17470703125 0.18720703125
5 0.976611328125 0.633935546875 0.04619140625 0.28486328125
7 0.928564453125 0.9312011718750001 0.03310546875 0.02607421875
2 0.9693359375 0.8966796874999999 0.060546875 0.13828125
7 0.952001953125 0.80361328125 0.05322265625 0.0826171875
7 0.828662109375 0.837255859375 0.06689453125 0.05048828125
7 0.502783203125 0.7650390625 0.05048828125 0.0271484375
2 0.72578125 0.830078125 0.1857421875 0.142578125
