7 0.30166015625 0.53515625 0.2912109375 0.667578125
1 0.32001953125000004 0.528759765625 0.2515625 0.65244140625
1 0.66240234375 0.40678710937499996 0.4138671875 0.61748046875
1 0.7156738281249999 0.341845703125 0.19443359375 0.25322265625
3 0.5810546875 0.153759765625 0.196875 0.23291015625
3 0.581884765625 0.291064453125 0.22548828125 0.35126953125
0 0.724755859375 0.31220703125 0.04013671875 0.050390625
2 0.71171875 0.359814453125 0.08359375 0.09521484375
0 0.5341308593749999 0.6318359375 0.10263671875 0.1021484375
0 0.7214843750000001 0.5859375 0.1 0.11171875
