7 0.0580078125 0.416162109375 0.1140625 0.68994140625
1 0.05078125 0.1341796875 0.1015625 0.04609375
1 0.168994140625 0.513623046875 0.20439453125 0.21181640625
7 0.44609375 0.7127441406249999 0.097265625 0.03916015625
5 0.335986328125 0.808544921875 0.03369140625 0.05654296875
7 0.46962890625 0.8944824218749999 0.1025390625 0.05380859375
5 0.441845703125 0.7126953125000001 0.05224609375 0.03046875
1 0.180419921875 0.4482421875 0.13193359375 0.10390625
0 0.286083984375 0.789208984375 0.08134765625 0.00888671875
0 0.309326171875 0.83125 0.05654296875 0.028515625
1 0.4181640625 0.82666015625 0.1927734375 0.17265625
7 0.5626953125 0.8109863281249999 0.33828125 0.26884765625
1 0.509375 0.890869140625 0.0505859375 0.02880859375
0 0.20620117187499998 0.4408203125 0.08896484375 0.0662109375
7 0.16752929687499998 0.487841796875 0.06318359375 0.03173828125
1 0.120556640625 0.47670898437500003 0.05458984375 0.03720703125
6 0.3630859375 0.32265625 0.1712890625 0.126953125
0 0.371337890625 0.28232421874999997 0.10185546875 0.033984375
7 0.34306640624999996 0.316455078125 0.0896484375 0.03369140625
3 0.31625976562499997 0.2966796875 0.05849609375 0.0228515625
1 0.03505859375 0.0908203125 0.0701171875 0.06796875
