7 0.1779296875 0.09560546875 0.109375 0.1435546875
1 0.35712890625 0.5541015625 0.7142578125 0.64453125
7 0.335693359375 0.3998046875 0.32861328125 0.480859375
1 0.55244140625 0.455322265625 0.3078125 0.49736328125
1 0.566796875 0.427099609375 0.168359375 0.41630859375
7 0.50712890625 0.187841796875 0.35859375 0.37568359375
1 0.634912109375 0.23198242187499998 0.12451171875 0.26748046875
1 0.561376953125 0.3115234375 0.03896484375 0.097265625
1 0.5845703125 0.330810546875 0.0412109375 0.07041015625
1 0.6494628906250001 0.314306640625 0.03994140625 0.09228515625
1 0.679541015625 0.281591796875 0.01787109375 0.11806640625
