3 0.475537109375 0.9840820312499999 0.08603515625 0.0310546875
5 0.59931640625 0.930419921875 0.1708984375 0.13857421875
1 0.73818359375 0.6243652343749999 0.216015625 0.36708984375
1 0.708935546875 0.60751953125 0.10791015625 0.15546875
1 0.7243164062499999 0.45302734375 0.15703125 0.3359375
1 0.680078125 0.5433105468749999 0.0173828125 0.07138671875
1 0.700439453125 0.5021484375 0.04267578125 0.08828125
1 0.6929199218750001 0.524169921875 0.01240234375 0.09990234375
1 0.66875 0.522607421875 0.0240234375 0.03935546875
1 0.414794921875 0.323779296875 0.14755859375 0.16201171875
1 0.292236328125 0.446240234375 0.19912109375 0.21396484375
1 0.5869140625 0.643359375 0.0201171875 0.030078125
1 0.5565429687500001 0.391162109375 0.4146484375 0.55419921875
1 0.655029296875 0.5640136718750001 0.02177734375 0.01552734375
7 0.619384765625 0.7103027343749999 0.13466796875 0.30361328125
1 0.47026367187499996 0.748974609375 0.20732421875 0.36376953125
1 0.45078125 0.695703125 0.0255859375 0.0568359375
3 0.466796875 0.8353027343749999 0.09375 0.21298828125
1 0.29301757812499996 0.855810546875 0.28798828125 0.27509765625
1 0.294677734375 0.733642578125 0.32490234375 0.52939453125
1 0.235009765625 0.77021484375 0.43134765625 0.458984375
1 0.027880859375 0.95224609375 0.05576171875 0.094921875
1 0.16962890625 0.6904296875 0.3392578125 0.34453125
7 0.310986328125 0.836962890625 0.04013671875 0.03837890625
1 0.37734375000000003 0.520556640625 0.0607421875 0.08271484375
1 0.363427734375 0.569287109375 0.04931640625 0.05458984375
1 0.41606445312499996 0.572021484375 0.06474609375 0.05087890625
5 0.863037109375 0.193310546875 0.22021484375 0.19150390625
5 0.8672851562499999 0.13173828125 0.2251953125 0.1240234375
5 0.870263671875 0.105859375 0.22666015625 0.1177734375
5 0.8740722656250001 0.07353515625 0.23037109375 0.120703125
5 0.876416015625 0.049951171875 0.22646484375 0.09990234375
5 0.873388671875 0.034228515625 0.21552734375 0.06845703125
5 0.871337890625 0.01552734375 0.17861328125 0.0310546875
1 0.39291992187499997 0.562353515625 0.03642578125 0.04072265625
1 0.5322265625 0.416357421875 0.1279296875 0.18720703125
1 0.5171875 0.37099609375 0.148046875 0.2208984375
