7 0.717236328125 0.966357421875 0.46826171875 0.06669921875
7 0.522998046875 0.617138671875 0.04130859375 0.16591796875
7 0.519189453125 0.305810546875 0.41201171875 0.17705078125
7 0.667431640625 0.432958984375 0.37529296875 0.18876953125
7 0.395703125 0.45673828125000004 0.30390625 0.15703125
6 0.255419921875 0.829345703125 0.26884765625 0.23310546875
6 0.33393554687500004 0.72548828125 0.35380859375 0.22421875
7 0.6833984375 0.8364746093750001 0.6326171875 0.27802734375
7 0.741943359375 0.595166015625 0.43818359375 0.21259765625
6 0.360986328125 0.573779296875 0.32705078125 0.21650390625
7 0.544921875 0.17236328125 0.4609375 0.3447265625
0 0.41123046875 0.614453125 0.198046875 0.3345703125
