1 0.178076171875 0.34370117187500004 0.35615234375 0.33134765625
1 0.164501953125 0.33896484375 0.32900390625 0.1828125
1 0.829150390625 0.480517578125 0.34091796875 0.96103515625
1 0.450390625 0.6189453125 0.90078125 0.5369140625
2 0.65078125 0.86982421875 0.2447265625 0.1240234375
1 0.441162109375 0.07177734375 0.22021484375 0.1435546875
1 0.689990234375 0.047998046875 0.33037109375 0.09599609375
1 0.17841796875 0.12685546875 0.3568359375 0.2537109375
7 0.586669921875 0.324267578125 0.60712890625 0.51806640625
1 0.663671875 0.143212890625 0.3154296875 0.06572265625
1 0.61552734375 0.2314453125 0.3177734375 0.20390625
1 0.67412109375 0.258935546875 0.396484375 0.26240234375
1 0.14599609375 0.01005859375 0.262890625 0.0201171875
