1 0.28486328125 0.29404296875 0.5697265625 0.5880859375
1 0.7416015625000001 0.0869140625 0.5162109375 0.173828125
1 0.7621093750000001 0.2130859375 0.4751953125 0.2197265625
1 0.66171875 0.690380859375 0.1283203125 0.30087890625
1 0.8552734375 0.767724609375 0.288671875 0.40205078125
1 0.7672363281250001 0.44560546875 0.46494140625 0.27109375
1 0.369677734375 0.111572265625 0.32470703125 0.19541015625
1 0.105810546875 0.21328125 0.21162109375 0.4265625
7 0.47934570312499997 0.20722656250000002 0.10283203125 0.0349609375
7 0.5529296875 0.212939453125 0.07734375 0.03154296875
1 0.519873046875 0.228564453125 0.18056640625 0.01611328125
7 0.29931640625 0.17500000000000002 0.1521484375 0.023046875
7 0.29013671875 0.200341796875 0.2953125 0.06494140625
7 0.29218750000000004 0.20781249999999998 0.284765625 0.0560546875
1 0.31630859375 0.7263671875 0.6087890625 0.2939453125
1 0.31186523437499997 0.541015625 0.57802734375 0.2666015625
1 0.36240234375 0.281591796875 0.534375 0.27353515625
