2 0.771826171875 0.760498046875 0.09658203125 0.05283203125
2 0.8025878906249999 0.755126953125 0.04501953125 0.04736328125
2 0.80625 0.7416015625 0.034375 0.0421875
5 0.8014648437499999 0.43720703125 0.11875 0.112109375
0 0.57275390625 0.890283203125 0.215625 0.16943359375
0 0.443408203125 0.876708984375 0.12099609375 0.07138671875
0 0.9393066406249999 0.876220703125 0.11142578125 0.06298828125
0 0.87001953125 0.831640625 0.24140625 0.080859375
0 0.80703125 0.8223144531250001 0.10546875 0.10048828125
2 0.6782714843750001 0.81259765625 0.20107421875 0.1123046875
0 0.7576660156249999 0.456884765625 0.04501953125 0.06201171875
0 0.82568359375 0.540771484375 0.1765625 0.14111328125
0 0.899169921875 0.6915527343750001 0.20107421875 0.25966796875
7 0.539208984375 0.526123046875 0.59228515625 0.68076171875
0 0.755615234375 0.929931640625 0.19111328125 0.12177734375
5 0.8998046875 0.6295898437499999 0.09453125 0.1931640625
0 0.852001953125 0.7015625000000001 0.08369140625 0.1029296875
