3 0.25263671875 0.20869140625 0.2298828125 0.2982421875
0 0.325146484375 0.370556640625 0.09970703125 0.05458984375
7 0.53408203125 0.064453125 0.2130859375 0.11640625
7 0.608642578125 0.1994140625 0.20634765625 0.200390625
7 0.4640625 0.34916992187499996 0.2509765625 0.68583984375
5 0.7595703125 0.38544921875000004 0.2720703125 0.403125
5 0.6998535156250001 0.48393554687499996 0.27724609375 0.39189453125
0 0.683740234375 0.42294921875 0.05205078125 0.2228515625
5 0.41806640625 0.55576171875 0.3033203125 0.3052734375
1 0.414892578125 0.5529296875 0.22666015625 0.3095703125
0 0.6523925781250001 0.591650390625 0.27998046875 0.23017578125
5 0.161572265625 0.539501953125 0.32314453125 0.43154296875
0 0.13798828125 0.58994140625 0.0662109375 0.1845703125
5 0.332958984375 0.83427734375 0.21005859375 0.2791015625
0 0.10927734375 0.831982421875 0.1396484375 0.15673828125
0 0.555419921875 0.24091796875 0.08759765625 0.2046875
0 0.36787109375 0.90751953125 0.0671875 0.081640625
1 0.5595703125 0.810009765625 0.273828125 0.29990234375
