1 0.71767578125 0.063330078125 0.5642578125 0.12666015625
1 0.294287109375 0.543310546875 0.17978515625 0.35322265625
5 0.182568359375 0.619580078125 0.20732421875 0.26025390625
1 0.128076171875 0.515673828125 0.25615234375 0.37333984375
1 0.365869140625 0.710498046875 0.18701171875 0.14189453125
1 0.56484375 0.64033203125 0.2388671875 0.254296875
5 0.507080078125 0.549609375 0.33955078125 0.308203125
3 0.5446289062499999 0.432373046875 0.0982421875 0.03740234375
1 0.8089355468749999 0.4591796875 0.31923828125 0.4189453125
7 0.6087402343749999 0.40771484375 0.28994140625 0.0396484375
7 0.788330078125 0.455810546875 0.15947265625 0.12333984375
1 0.787841796875 0.504150390625 0.10048828125 0.08564453125
0 0.502783203125 0.52880859375 0.18505859375 0.166015625
