1 0.67958984375 0.340576171875 0.1865234375 0.39150390625
1 0.668408203125 0.20986328124999998 0.06298828125 0.0453125
0 0.8798339843749999 0.479052734375 0.09501953125 0.01357421875
5 0.1318359375 0.737548828125 0.03203125 0.11142578125
7 0.062255859375 0.800439453125 0.12451171875 0.21923828125
1 0.71650390625 0.506640625 0.1830078125 0.208984375
1 0.6963378906250001 0.424658203125 0.02802734375 0.08271484375
1 0.69716796875 0.50498046875 0.0515625 0.0515625
1 0.8099609375 0.531787109375 0.0212890625 0.04697265625
5 0.7348144531249999 0.416162109375 0.07138671875 0.13720703125
5 0.775537109375 0.468212890625 0.10322265625 0.12431640625
5 0.74580078125 0.5325683593749999 0.0431640625 0.02939453125
6 0.389111328125 0.68154296875 0.51689453125 0.3154296875
6 0.521728515625 0.44345703125 0.19521484375 0.2890625
2 0.51669921875 0.38920898437499996 0.043359375 0.08330078125
6 0.32470703125 0.6248046875 0.39140625 0.3984375
1 0.2171875 0.2228515625 0.1396484375 0.0873046875
5 0.24018554687500002 0.24736328124999998 0.22392578125 0.1779296875
1 0.315576171875 0.28950195312500004 0.22548828125 0.26689453125
3 0.40786132812500003 0.367431640625 0.05830078125 0.07939453125
1 0.40302734375 0.3677734375 0.04765625 0.05625
0 0.38300781250000004 0.6779296875 0.2740234375 0.286328125
5 0.265625 0.41240234375 0.2728515625 0.3134765625
7 0.140380859375 0.874365234375 0.28076171875 0.25068359375
1 0.687744140625 0.75927734375 0.38642578125 0.480859375
1 0.67177734375 0.7833496093750001 0.267578125 0.43251953125
7 0.64208984375 0.7876953125 0.17265625 0.251953125
3 0.627783203125 0.853857421875 0.10966796875 0.09853515625
5 0.690478515625 0.82060546875 0.03173828125 0.1669921875
7 0.40947265625 0.8637207031249999 0.4255859375 0.27177734375
0 0.276953125 0.357275390625 0.1634765625 0.33037109375
0 0.433251953125 0.495068359375 0.12099609375 0.05556640625
0 0.523291015625 0.40957031250000003 0.19248046875 0.1021484375
0 0.7432128906250001 0.8097167968750001 0.15009765625 0.37998046875
