6 0.038916015625 0.887939453125 0.07783203125 0.22353515625
6 0.228076171875 0.891552734375 0.34599609375 0.21630859375
6 0.96796875 0.9107421875 0.0634765625 0.1779296875
6 0.865966796875 0.90263671875 0.21748046875 0.194140625
0 0.31103515625 0.8949707031249999 0.058984375 0.20927734375
6 0.501953125 0.901416015625 0.205859375 0.19638671875
6 0.682421875 0.900244140625 0.169921875 0.19873046875
0 0.730908203125 0.9009765625 0.05849609375 0.1974609375
6 0.932080078125 0.147998046875 0.13544921875 0.29599609375
6 0.8388671875 0.140380859375 0.1728515625 0.28076171875
6 0.6724609375 0.1388671875 0.236328125 0.277734375
6 0.440576171875 0.141015625 0.27900390625 0.28203125
6 0.09375 0.11259765625 0.1875 0.2251953125
6 0.16806640625 0.116064453125 0.2666015625 0.23212890625
0 0.7298828125 0.1390625 0.1056640625 0.278125
6 0.947021484375 0.58857421875 0.10537109375 0.4728515625
6 0.8363769531249999 0.7981445312500001 0.09892578125 0.043359375
6 0.887939453125 0.555029296875 0.19443359375 0.51025390625
6 0.763525390625 0.54326171875 0.15107421875 0.536328125
6 0.14521484375 0.51767578125 0.2904296875 0.538671875
0 0.15654296875 0.5235351562499999 0.25546875 0.5271484375
6 0.245849609375 0.537890625 0.29072265625 0.5453125
0 0.0947265625 0.638916015625 0.080859375 0.11376953125
6 0.52890625 0.54970703125 0.3935546875 0.564453125
