5 0.579833984375 0.35898437499999997 0.23447265625 0.1009765625
4 0.628662109375 0.6580078125000001 0.43779296875 0.1056640625
4 0.264501953125 0.703125 0.47021484375 0.1388671875
4 0.525927734375 0.74501953125 0.29130859375 0.1130859375
7 0.08876953125 0.440380859375 0.1775390625 0.53251953125
5 0.232763671875 0.56337890625 0.26650390625 0.142578125
5 0.632080078125 0.729638671875 0.32041015625 0.13095703125
4 0.6943359375 0.589404296875 0.4150390625 0.09404296875
4 0.7564941406250001 0.5173828125000001 0.29794921875 0.058984375
4 0.42905273437499997 0.33652343749999997 0.12001953125 0.1111328125
4 0.6134277343750001 0.461181640625 0.38291015625 0.16298828125
5 0.5708984375 0.515869140625 0.112109375 0.07783203125
5 0.412548828125 0.521337890625 0.21396484375 0.04716796875
3 0.351220703125 0.54462890625 0.12763671875 0.0595703125
4 0.3705078125 0.44052734375 0.1947265625 0.1037109375
7 0.15576171875 0.266064453125 0.3115234375 0.25244140625
1 0.0625 0.08095703125 0.125 0.1619140625
