5 0.923388671875 0.543017578125 0.04814453125 0.03916015625
5 0.47890625 0.406689453125 0.0306640625 0.07568359375
7 0.18447265624999998 0.3296875 0.351953125 0.5033203125
7 0.17724609375 0.10478515625000001 0.086328125 0.0515625
7 0.117041015625 0.115625 0.04541015625 0.037109375
7 0.41923828124999996 0.582373046875 0.23515625 0.42705078125
5 0.38486328125 0.392724609375 0.0458984375 0.11943359375
5 0.446337890625 0.34169921875 0.08837890625 0.2041015625
7 0.6625 0.46552734375 0.2833984375 0.277734375
7 0.79404296875 0.644970703125 0.33203125 0.45048828125
5 0.675927734375 0.7182128906249999 0.07080078125 0.21884765625
5 0.574462890625 0.420166015625 0.07255859375 0.07060546875
