5 0.525439453125 0.2822265625 0.06611328125 0.0486328125
6 0.293798828125 0.333447265625 0.22451171875 0.04833984375
6 0.13984375 0.394091796875 0.0568359375 0.07783203125
5 0.147509765625 0.49643554687499997 0.07080078125 0.09404296875
5 0.11591796874999999 0.56611328125 0.1392578125 0.1435546875
0 0.092431640625 0.565185546875 0.18486328125 0.04365234375
7 0.18203125 0.668994140625 0.3640625 0.13916015625
7 0.802587890625 0.819189453125 0.20302734375 0.18154296875
7 0.676904296875 0.7178222656250001 0.24541015625 0.11611328125
7 0.475732421875 0.8325683593750001 0.62333984375 0.21083984375
0 0.72490234375 0.72783203125 0.549609375 0.294921875
5 0.44375 0.847607421875 0.385546875 0.14111328125
5 0.55146484375 0.517822265625 0.7748046875 0.46474609375
