7 0.23593750000000002 0.278564453125 0.1021484375 0.17861328125
1 0.478369140625 0.417138671875 0.26689453125 0.14482421875
1 0.352880859375 0.59775390625 0.38623046875 0.44296875
1 0.6644042968749999 0.613232421875 0.30361328125 0.34501953125
1 0.6021972656250001 0.602099609375 0.03701171875 0.05283203125
1 0.677197265625 0.552490234375 0.07802734375 0.16494140625
1 0.6302734375 0.551123046875 0.0859375 0.16318359375
1 0.5593750000000001 0.5521972656249999 0.0658203125 0.14755859375
1 0.2166015625 0.49531250000000004 0.25859375 0.3263671875
1 0.406298828125 0.51640625 0.17099609375 0.3224609375
1 0.48349609375 0.533935546875 0.101171875 0.38837890625
