1 0.44609375 0.67490234375 0.07265625 0.248046875
1 0.66962890625 0.65625 0.41171875 0.4302734375
1 0.63701171875 0.595556640625 0.387109375 0.29892578125
1 0.59052734375 0.42216796875 0.3630859375 0.401171875
1 0.581201171875 0.350048828125 0.31279296875 0.26025390625
1 0.56435546875 0.32866210937499996 0.2095703125 0.26650390625
0 0.54072265625 0.50302734375 0.268359375 0.0701171875
7 0.289404296875 0.42275390625 0.19541015625 0.23046875
7 0.23896484375 0.32866210937499996 0.1728515625 0.26455078125
7 0.17138671875 0.14072265625 0.205859375 0.2814453125
0 0.65390625 0.728515625 0.164453125 0.0681640625
0 0.85400390625 0.717919921875 0.1416015625 0.08330078125
