7 0.33681640625 0.821142578125 0.6736328125 0.35712890625
7 0.73017578125 0.867724609375 0.5390625 0.26416015625
1 0.484130859375 0.493603515625 0.87431640625 0.82939453125
5 0.484765625 0.500439453125 0.123046875 0.50146484375
5 0.646875 0.5694335937499999 0.3849609375 0.7390625
7 0.099560546875 0.86083984375 0.19912109375 0.277734375
7 0.03291015625 0.446337890625 0.0658203125 0.41044921875
5 0.44052734374999997 0.7443359374999999 0.18984375 0.191015625
6 0.086474609375 0.49003906249999996 0.17294921875 0.4935546875
6 0.26201171875 0.48427734375 0.4447265625 0.51015625
