0 0.253271484375 0.43203125000000003 0.06396484375 0.0646484375
7 0.229345703125 0.47910156249999997 0.11689453125 0.133203125
5 0.522412109375 0.49531250000000004 0.55458984375 0.2619140625
7 0.39775390624999996 0.2734375 0.272265625 0.23671875
7 0.51142578125 0.3625 0.059765625 0.047265625
3 0.469970703125 0.378466796875 0.05751953125 0.03173828125
7 0.508203125 0.388134765625 0.06875 0.01748046875
1 0.34833984375 0.43134765625 0.026171875 0.0482421875
0 0.314453125 0.4728515625 0.0720703125 0.0818359375
1 0.49228515625 0.46328125 0.0626953125 0.0302734375
1 0.4123046875 0.4861328125 0.1966796875 0.0744140625
7 0.39501953125 0.42158203125000004 0.0755859375 0.063671875
1 0.402587890625 0.48227539062499997 0.12822265625 0.02177734375
5 0.64423828125 0.44111328125 0.05390625 0.0193359375
4 0.5466796875 0.441943359375 0.141796875 0.03798828125
1 0.429541015625 0.43608398437499996 0.15244140625 0.09306640625
5 0.923486328125 0.497314453125 0.15244140625 0.28486328125
7 0.938818359375 0.456884765625 0.12177734375 0.14873046875
5 0.7787109375 0.467529296875 0.3087890625 0.14775390625
5 0.590380859375 0.48994140625 0.14208984375 0.0826171875
7 0.724169921875 0.3423828125 0.39208984375 0.1876953125
0 0.358349609375 0.79423828125 0.10888671875 0.085546875
0 0.8123046875 0.792578125 0.0484375 0.0595703125
0 0.8647949218750001 0.64267578125 0.07783203125 0.0412109375
0 0.978857421875 0.6959472656250001 0.04169921875 0.07509765625
7 0.6494140625 0.676708984375 0.6037109375 0.39755859375
5 0.13271484374999998 0.42075195312499997 0.1369140625 0.08134765625
5 0.528125 0.56484375 0.0568359375 0.025
0 0.448681640625 0.56884765625 0.11240234375 0.028125
