1 0.1021484375 0.577734375 0.204296875 0.18359375
1 0.09658203124999999 0.53603515625 0.157421875 0.0830078125
1 0.18388671875 0.471044921875 0.0408203125 0.06357421875
1 0.08427734375 0.4888671875 0.1685546875 0.1798828125
1 0.1767578125 0.4142578125 0.0712890625 0.0970703125
1 0.153125 0.39287109375 0.30625 0.162109375
1 0.156591796875 0.362548828125 0.31318359375 0.17412109375
1 0.607958984375 0.3349609375 0.07236328125 0.0724609375
1 0.6134765624999999 0.292919921875 0.0388671875 0.03896484375
1 0.580908203125 0.31562500000000004 0.03544921875 0.034375
1 0.6076171874999999 0.29165039062500003 0.0408203125 0.03232421875
1 0.582568359375 0.2966796875 0.04228515625 0.024609375
1 0.588134765625 0.260009765625 0.09345703125 0.08994140625
1 0.46601562500000004 0.225146484375 0.0900390625 0.10771484375
1 0.5583984375 0.196337890625 0.1232421875 0.13603515625
1 0.54765625 0.093798828125 0.1443359375 0.18759765625
1 0.52890625 0.0181640625 0.1123046875 0.036328125
1 0.039208984375 0.32636718750000004 0.07841796875 0.14921875
1 0.018994140625 0.204345703125 0.03798828125 0.14404296875
1 0.239453125 0.1861328125 0.47890625 0.372265625
7 0.40302734375 0.409912109375 0.195703125 0.37939453125
7 0.5123046875 0.365869140625 0.1423828125 0.25458984375
7 0.8593261718749999 0.5516601562500001 0.21611328125 0.409765625
9 0.89384765625 0.385205078125 0.116796875 0.07216796875
0 0.8962890625 0.417236328125 0.073046875 0.03095703125
7 0.5572265625 0.5245117187499999 0.187109375 0.3685546875
7 0.274609375 0.47978515625 0.175 0.3365234375
7 0.3783203125 0.256982421875 0.0994140625 0.08388671875
7 0.504833984375 0.258056640625 0.03544921875 0.03779296875
0 0.05693359375 0.609423828125 0.1138671875 0.07333984375
1 0.094921875 0.428271484375 0.0841796875 0.05126953125
