7 0.336962890625 0.08271484375 0.19970703125 0.1654296875
1 0.262890625 0.2818359375 0.52578125 0.2115234375
1 0.073095703125 0.1705078125 0.14619140625 0.1515625
6 0.054736328125 0.15751953125 0.10947265625 0.1111328125
1 0.24355468749999998 0.1609375 0.3158203125 0.1150390625
1 0.190966796875 0.41455078125 0.38193359375 0.3548828125
7 0.77978515625 0.114697265625 0.43984375 0.22939453125
1 0.52646484375 0.178466796875 0.368359375 0.35693359375
0 0.58701171875 0.2341796875 0.1130859375 0.1240234375
7 0.95439453125 0.187548828125 0.090625 0.16865234375
7 0.884619140625 0.54404296875 0.23017578125 0.559765625
6 0.682666015625 0.487255859375 0.58759765625 0.60693359375
