7 0.708837890625 0.25166015625 0.15673828125 0.3220703125
7 0.809765625 0.342578125 0.148828125 0.1626953125
7 0.875634765625 0.491357421875 0.23388671875 0.22021484375
7 0.387109375 0.2388671875 0.174609375 0.155078125
7 0.55341796875 0.363037109375 0.105859375 0.19111328125
7 0.28369140625 0.40043945312499996 0.16171875 0.34853515625
1 0.46083984375 0.41220703125 0.2177734375 0.3568359375
7 0.681884765625 0.5235351562499999 0.23935546875 0.4193359375
7 0.385009765625 0.661669921875 0.31865234375 0.39814453125
2 0.297900390625 0.5819824218749999 0.06943359375 0.08330078125
5 0.33603515625 0.61376953125 0.1021484375 0.1302734375
5 0.3357421875 0.6693359375 0.101953125 0.092578125
5 0.367431640625 0.74990234375 0.08759765625 0.1220703125
5 0.366162109375 0.6828125 0.14560546875 0.152734375
7 0.1359375 0.3328125 0.174609375 0.189453125
1 0.38779296875 0.228369140625 0.107421875 0.08369140625
2 0.36181640625 0.28774414062500003 0.033203125 0.04697265625
7 0.588916015625 0.37763671875 0.04638671875 0.126953125
5 0.391259765625 0.284716796875 0.04736328125 0.05361328125
