5 0.38505859375 0.12587890625 0.1822265625 0.1232421875
5 0.378955078125 0.190087890625 0.17724609375 0.04638671875
5 0.3423828125 0.234814453125 0.2681640625 0.07041015625
5 0.370361328125 0.2943359375 0.22822265625 0.0837890625
5 0.406103515625 0.3107421875 0.19775390625 0.069921875
5 0.568017578125 0.5619628906249999 0.02880859375 0.03818359375
5 0.5628417968749999 0.5272949218749999 0.02646484375 0.03916015625
5 0.5555664062500001 0.49140625 0.027734375 0.0404296875
5 0.5455078124999999 0.4548828125 0.034765625 0.0421875
5 0.539404296875 0.40458984374999996 0.03310546875 0.0681640625
5 0.38857421875 0.36655273437499997 0.30625 0.08974609375
1 0.746240234375 0.320361328125 0.18486328125 0.05185546875
7 0.8098632812500001 0.430029296875 0.3068359375 0.26044921875
5 0.566015625 0.613720703125 0.021484375 0.03994140625
5 0.398486328125 0.602880859375 0.33798828125 0.12099609375
5 0.44150390625 0.84208984375 0.4041015625 0.171875
5 0.420361328125 0.743798828125 0.40810546875 0.22822265625
5 0.384423828125 0.56142578125 0.34619140625 0.1341796875
5 0.367529296875 0.5095703125 0.35419921875 0.1396484375
5 0.351806640625 0.449560546875 0.36240234375 0.15009765625
