0 0.17685546875000002 0.9587890625 0.2400390625 0.0818359375
1 0.27993164062500003 0.589404296875 0.46591796875 0.71005859375
7 0.7447265625 0.18515625 0.5099609375 0.3703125
7 0.393701171875 0.519580078125 0.47255859375 0.48115234375
7 0.752001953125 0.572216796875 0.49541015625 0.55556640625
3 0.8619628906250001 0.44736328125 0.11611328125 0.0439453125
5 0.7415039062500001 0.42519531250000003 0.0697265625 0.054296875
7 0.62587890625 0.48164062500000004 0.09296875 0.1662109375
5 0.671630859375 0.515771484375 0.09990234375 0.10244140625
5 0.790673828125 0.401611328125 0.12236328125 0.05576171875
