6 0.361865234375 0.33095703125 0.13388671875 0.18515625
7 0.831005859375 0.61708984375 0.27060546875 0.5224609375
0 0.339013671875 0.3955078125 0.06201171875 0.0291015625
7 0.680078125 0.480029296875 0.0212890625 0.03603515625
7 0.6787109375 0.5224609375 0.0607421875 0.1078125
7 0.708935546875 0.6345703125000001 0.04638671875 0.2142578125
7 0.49916992187500003 0.5307128906249999 0.05830078125 0.13291015625
7 0.599951171875 0.45703125 0.19892578125 0.2685546875
1 0.20458984375 0.438720703125 0.21328125 0.05791015625
0 0.325537109375 0.435400390625 0.06220703125 0.04931640625
1 0.20786132812500002 0.410888671875 0.20537109375 0.09091796875
7 0.2962890625 0.60224609375 0.2021484375 0.3353515625
1 0.20644531249999998 0.40625 0.1837890625 0.094921875
7 0.449072265625 0.6442382812499999 0.11533203125 0.2361328125
1 0.194970703125 0.37666015625 0.17861328125 0.126953125
7 0.5365722656249999 0.678271484375 0.06865234375 0.23544921875
1 0.169873046875 0.29443359375 0.17158203125 0.172265625
7 0.48154296875 0.7210937500000001 0.11484375 0.2953125
7 0.6435546875 0.71083984375 0.2197265625 0.3740234375
0 0.39999999999999997 0.388671875 0.05703125 0.0267578125
