7 0.623681640625 0.469970703125 0.27705078125 0.21630859375
5 0.781005859375 0.748388671875 0.11611328125 0.08134765625
6 0.781640625 0.6667968750000001 0.1525390625 0.2609375
5 0.68173828125 0.4689453125 0.090234375 0.1435546875
7 0.417578125 0.302099609375 0.2453125 0.33759765625
5 0.5968749999999999 0.43583984375 0.116796875 0.1025390625
7 0.57255859375 0.48505859375000004 0.1103515625 0.118359375
7 0.63359375 0.503662109375 0.05234375 0.05224609375
7 0.46206054687500003 0.45966796875 0.13095703125 0.1263671875
7 0.41806640624999997 0.51103515625 0.1322265625 0.17890625
7 0.08447265625 0.16123046875000002 0.078125 0.151171875
5 0.319091796875 0.519677734375 0.08056640625 0.04990234375
5 0.31533203125 0.5419921875 0.0751953125 0.049609375
0 0.75322265625 0.608154296875 0.0927734375 0.13955078125
1 0.7769531249999999 0.6361328125 0.0826171875 0.034765625
1 0.7705566406250001 0.66201171875 0.04462890625 0.0310546875
0 0.781640625 0.5869628906250001 0.048828125 0.06611328125
7 0.457421875 0.696533203125 0.1673828125 0.34951171875
7 0.316455078125 0.719873046875 0.16318359375 0.33662109375
7 0.6304199218750001 0.71630859375 0.20283203125 0.3630859375
1 0.904296875 0.461962890625 0.0580078125 0.35048828125
5 0.45644531250000003 0.261279296875 0.0890625 0.13759765625
5 0.429833984375 0.37841796875 0.20537109375 0.1431640625
