5 0.993505859375 0.468896484375 0.01240234375 0.02978515625
5 0.961474609375 0.32915039062499996 0.07666015625 0.04130859375
6 0.95390625 0.352001953125 0.091796875 0.04990234375
7 0.957177734375 0.665380859375 0.08505859375 0.37900390625
5 0.947705078125 0.414208984375 0.10419921875 0.08037109375
7 0.56396484375 0.5142578124999999 0.11953125 0.2962890625
7 0.429931640625 0.404931640625 0.17236328125 0.24111328125
7 0.135546875 0.595703125 0.048828125 0.10546875
7 0.151416015625 0.48793945312500003 0.10439453125 0.17490234375
7 0.09477539062500001 0.69990234375 0.10419921875 0.21796875
7 0.25361328125 0.333837890625 0.2279296875 0.22919921875
7 0.4701171875 0.7134765625 0.2244140625 0.478515625
7 0.25625 0.639599609375 0.23515625 0.48017578125
7 0.778369140625 0.54033203125 0.42041015625 0.63359375
7 0.284228515625 0.497509765625 0.03720703125 0.05986328125
