0 0.24453125 0.229736328125 0.4890625 0.38115234375
0 0.43583984375 0.08505859375 0.083984375 0.0421875
0 0.39580078125 0.09340820312499999 0.0734375 0.05087890625
0 0.307373046875 0.062255859375 0.06318359375 0.03623046875
0 0.2966796875 0.083203125 0.0615234375 0.0201171875
0 0.327001953125 0.09716796875 0.03369140625 0.019140625
0 0.289501953125 0.103515625 0.05322265625 0.0369140625
0 0.2564453125 0.053369140625 0.0796875 0.06201171875
0 0.220263671875 0.047753906250000006 0.05888671875 0.054296875
0 0.161083984375 0.04326171875 0.06943359375 0.0330078125
0 0.035205078125 0.0353515625 0.04130859375 0.0294921875
0 0.029296875 0.054833984375000006 0.05390625 0.02529296875
4 0.660595703125 0.28212890625 0.13525390625 0.2701171875
4 0.58544921875 0.2568359375 0.069140625 0.3236328125
4 0.52412109375 0.130908203125 0.06875 0.04013671875
4 0.50048828125 0.27890625 0.1345703125 0.267578125
4 0.3923828125 0.2404296875 0.098828125 0.3162109375
4 0.341259765625 0.182666015625 0.08330078125 0.15302734375
4 0.32705078125 0.338916015625 0.21953125 0.36181640625
4 0.761474609375 0.380517578125 0.06650390625 0.22822265625
4 0.57939453125 0.37646484375 0.0205078125 0.069921875
4 0.66611328125 0.448583984375 0.2099609375 0.49033203125
4 0.509375 0.48779296875 0.215234375 0.55703125
4 0.850390625 0.437353515625 0.2986328125 0.47646484375
4 0.34077148437500004 0.560107421875 0.27080078125 0.61435546875
0 0.068994140625 0.04541015625 0.04599609375 0.0376953125
0 0.119189453125 0.060791015625 0.09951171875 0.03369140625
0 0.199560546875 0.069970703125 0.04462890625 0.04814453125
0 0.17890625000000002 0.085107421875 0.058203125 0.04169921875
0 0.11875000000000001 0.08603515625 0.0892578125 0.0396484375
0 0.24189453125 0.09521484375 0.0830078125 0.04765625
0 0.139697265625 0.64736328125 0.27939453125 0.7048828125
