0 0.881787109375 0.664794921875 0.23583984375 0.66962890625
7 0.8330078125 0.270654296875 0.109375 0.12861328125
0 0.684130859375 0.7602050781249999 0.38173828125 0.47880859375
5 0.70439453125 0.53310546875 0.159765625 0.3888671875
1 0.856494140625 0.41484374999999996 0.28642578125 0.194140625
1 0.918505859375 0.297119140625 0.16240234375 0.07568359375
1 0.850927734375 0.30400390625 0.11806640625 0.081640625
0 0.470263671875 0.602685546875 0.34873046875 0.57177734375
4 0.560498046875 0.499658203125 0.21279296875 0.15810546875
1 0.5738769531250001 0.502587890625 0.08681640625 0.14150390625
7 0.497265625 0.699560546875 0.0505859375 0.05126953125
1 0.526025390625 0.631005859375 0.07392578125 0.12900390625
0 0.5096679687500001 0.870068359375 0.3833984375 0.25927734375
0 0.23525390625 0.61279296875 0.4705078125 0.773828125
