7 0.344580078125 0.41752929687499996 0.09052734375 0.14912109375
7 0.2986328125 0.5436523437499999 0.0595703125 0.09921875
7 0.38999023437499997 0.305908203125 0.10244140625 0.16005859375
7 0.16391601562500002 0.541015625 0.03525390625 0.0958984375
7 0.22050781249999998 0.524658203125 0.13984375 0.17431640625
7 0.1884765625 0.6576171875 0.08828125 0.137890625
7 0.10219726562499999 0.3919921875 0.14033203125 0.2490234375
7 0.09208984375 0.642822265625 0.1416015625 0.28369140625
7 0.1162109375 0.523486328125 0.0568359375 0.03837890625
1 0.650537109375 0.711474609375 0.16669921875 0.13330078125
1 0.594970703125 0.48530273437500004 0.20927734375 0.16240234375
1 0.576513671875 0.475732421875 0.15498046875 0.09228515625
1 0.581640625 0.37451171875 0.1533203125 0.14453125
1 0.6514648437499999 0.628125 0.1763671875 0.2595703125
1 0.776708984375 0.640673828125 0.15849609375 0.33759765625
1 0.85625 0.61474609375 0.2408203125 0.25859375
1 0.7771484375 0.889404296875 0.1064453125 0.15048828125
1 0.445654296875 0.683984375 0.04462890625 0.0796875
1 0.32919921875 0.672265625 0.14609375 0.1779296875
1 0.37724609375 0.630126953125 0.1607421875 0.09091796875
1 0.420849609375 0.663134765625 0.05849609375 0.06181640625
1 0.373046875 0.5732421875 0.0486328125 0.0697265625
1 0.33408203125 0.505322265625 0.033203125 0.20107421875
1 0.35166015624999997 0.504638671875 0.117578125 0.11572265625
1 0.412353515625 0.580859375 0.08212890625 0.07109375
1 0.293603515625 0.7213867187499999 0.10068359375 0.1412109375
7 0.436376953125 0.44477539062500004 0.15947265625 0.29365234375
4 0.448876953125 0.310693359375 0.02626953125 0.07509765625
5 0.469140625 0.323583984375 0.0384765625 0.06650390625
7 0.232177734375 0.355810546875 0.16669921875 0.25068359375
1 0.6056640625 0.47299804687499997 0.106640625 0.08427734375
