7 0.57138671875 0.50087890625 0.125 0.1908203125
1 0.752880859375 0.50498046875 0.35791015625 0.24140625
1 0.555224609375 0.7635742187500001 0.88916015625 0.43515625
0 0.9794921875 0.588330078125 0.0404296875 0.07607421875
9 0.579052734375 0.7587890625 0.40009765625 0.331640625
1 0.28115234375 0.594677734375 0.201171875 0.25029296875
7 0.31904296875 0.68818359375 0.263671875 0.40546875
0 0.670361328125 0.83369140625 0.65869140625 0.33203125
0 0.8451171875 0.70771484375 0.1138671875 0.1984375
1 0.905712890625 0.791064453125 0.18798828125 0.23349609375
6 0.62998046875 0.6416992187499999 0.4052734375 0.3177734375
0 0.27939453125 0.610888671875 0.14609375 0.22119140625
0 0.250341796875 0.510107421875 0.15205078125 0.16103515625
1 0.43124999999999997 0.493212890625 0.2767578125 0.40048828125
