5 0.36708984375000003 0.328857421875 0.0412109375 0.11611328125
5 0.7996093750000001 0.9505859375 0.1984375 0.0982421875
5 0.237353515625 0.9022460937500001 0.20986328125 0.1947265625
5 0.250634765625 0.52880859375 0.22841796875 0.50859375
5 0.27597656249999997 0.7912109374999999 0.0955078125 0.237109375
0 0.207568359375 0.7861816406250001 0.15029296875 0.16767578125
5 0.282080078125 0.857177734375 0.08955078125 0.13955078125
5 0.510400390625 0.835498046875 0.40869140625 0.32841796875
5 0.7912109375 0.76123046875 0.4171875 0.3650390625
0 0.864306640625 0.458349609375 0.12548828125 0.58798828125
5 0.50888671875 0.949755859375 0.1875 0.09990234375
5 0.6260742187499999 0.525634765625 0.533984375 0.60478515625
5 0.552978515625 0.5738769531250001 0.27255859375 0.60419921875
5 0.68857421875 0.317919921875 0.622265625 0.58759765625
5 0.31806640625 0.379443359375 0.3390625 0.75888671875
