0 0.96142578125 0.390625 0.0763671875 0.0302734375
5 0.906103515625 0.74921875 0.18720703125 0.05703125
9 0.9095703125 0.6815429687500001 0.1802734375 0.1830078125
7 0.9242187500000001 0.585986328125 0.15078125 0.14462890625
5 0.880908203125 0.80615234375 0.23740234375 0.0900390625
0 0.957373046875 0.45620117187500003 0.08466796875 0.17587890625
0 0.51025390625 0.786474609375 0.63359375 0.20986328125
1 0.101904296875 0.328759765625 0.09130859375 0.13173828125
3 0.12236328125 0.28251953125 0.0634765625 0.0267578125
5 0.047607421875 0.263232421875 0.09521484375 0.04541015625
0 0.5390625 0.289306640625 0.9212890625 0.46005859375
7 0.288671875 0.392333984375 0.32734375 0.28720703125
6 0.414990234375 0.04228515625 0.82998046875 0.0845703125
1 0.04248046875 0.303173828125 0.0849609375 0.07763671875
7 0.308740234375 0.383203125 0.23779296875 0.1755859375
7 0.34970703124999997 0.35004882812500004 0.13125 0.15498046875
7 0.197607421875 0.36025390625 0.17490234375 0.1931640625
7 0.19755859375 0.2869140625 0.090234375 0.0689453125
7 0.192919921875 0.514404296875 0.13193359375 0.20537109375
0 0.0806640625 0.640673828125 0.161328125 0.69150390625
9 0.95556640625 0.721240234375 0.03671875 0.08037109375
0 0.8169921875 0.6562988281250001 0.3654296875 0.10322265625
