1 0.901416015625 0.655615234375 0.19638671875 0.20263671875
1 0.83740234375 0.86708984375 0.15703125 0.22421875
7 0.783544921875 0.958251953125 0.09560546875 0.08310546875
6 0.85283203125 0.736767578125 0.097265625 0.03896484375
0 0.090625 0.953173828125 0.18125 0.09326171875
7 0.335498046875 0.928857421875 0.33037109375 0.14189453125
1 0.07802734375 0.58349609375 0.1560546875 0.1912109375
7 0.20205078125 0.792138671875 0.4041015625 0.25947265625
1 0.20185546875 0.6015625 0.129296875 0.2556640625
1 0.67705078125 0.6087402343749999 0.5896484375 0.68974609375
1 0.298779296875 0.68046875 0.30458984375 0.140625
1 0.675 0.7699218750000001 0.3677734375 0.4595703125
7 0.527294921875 0.437255859375 0.07841796875 0.08974609375
1 0.35834960937500004 0.5025878906250001 0.46201171875 0.42685546875
1 0.393212890625 0.49418945312499996 0.29169921875 0.15849609375
7 0.46181640625 0.4890625 0.0419921875 0.058984375
1 0.379638671875 0.5119140625 0.19248046875 0.1150390625
7 0.36171875 0.50673828125 0.1388671875 0.0798828125
1 0.37270507812500003 0.537109375 0.11044921875 0.0587890625
0 0.376171875 0.54794921875 0.077734375 0.033984375
0 0.50263671875 0.33964843749999996 0.105859375 0.0642578125
7 0.91337890625 0.902734375 0.17265625 0.1939453125
1 0.867578125 0.8346679687499999 0.0505859375 0.054296875
1 0.378955078125 0.55205078125 0.05029296875 0.0203125
1 0.6279296875 0.828466796875 0.3359375 0.34248046875
0 0.49887695312499997 0.8108886718749999 0.09560546875 0.18076171875
