7 0.60185546875 0.360693359375 0.4345703125 0.31220703125
0 0.4775390625 0.84130859375 0.13359375 0.19296875
0 0.523779296875 0.6171875 0.09990234375 0.0478515625
7 0.40703125 0.523779296875 0.1712890625 0.20537109375
7 0.658935546875 0.46352539062500003 0.03740234375 0.01533203125
5 0.6119140625 0.37001953125000003 0.301953125 0.22421875
7 0.6900390624999999 0.2927734375 0.25234375 0.140625
7 0.7027343749999999 0.49819335937500003 0.09921875 0.12080078125
5 0.59130859375 0.53125 0.2857421875 0.13984375
0 0.410009765625 0.5138671874999999 0.06943359375 0.0669921875
5 0.403564453125 0.6806640625 0.16103515625 0.148046875
5 0.361572265625 0.84052734375 0.15439453125 0.185546875
5 0.4783203125 0.96865234375 0.047265625 0.019140625
1 0.964404296875 0.8548828125 0.07041015625 0.2509765625
7 0.37666015625 0.826416015625 0.06484375 0.10615234375
