0 0.101953125 0.39560546874999997 0.0541015625 0.03203125
0 0.3388671875 0.364794921875 0.0994140625 0.05029296875
1 0.216162109375 0.37714843750000004 0.27705078125 0.2556640625
1 0.370703125 0.588427734375 0.2095703125 0.23837890625
1 0.369580078125 0.5119140625 0.15029296875 0.17265625
1 0.269482421875 0.51865234375 0.06865234375 0.0763671875
1 0.251611328125 0.47651367187500004 0.08056640625 0.14482421875
0 0.24736328124999998 0.573974609375 0.04140625 0.04931640625
7 0.14287109375 0.571728515625 0.1845703125 0.29169921875
5 0.7716796875 0.1560546875 0.0607421875 0.0939453125
7 0.6866699218750001 0.54462890625 0.22939453125 0.3736328125
1 0.329296875 0.43173828125 0.058984375 0.064453125
1 0.39326171875 0.412060546875 0.096484375 0.04033203125
1 0.36220703125 0.6060058593750001 0.0642578125 0.06513671875
1 0.415283203125 0.5166503906250001 0.05634765625 0.09951171875
7 0.49892578125 0.572119140625 0.1322265625 0.19580078125
5 0.515283203125 0.514990234375 0.03251953125 0.04130859375
0 0.49130859375 0.493408203125 0.033203125 0.04228515625
7 0.463134765625 0.5031249999999999 0.02705078125 0.03671875
7 0.489794921875 0.62978515625 0.12998046875 0.14453125
6 0.28950195312500004 0.6833984375000001 0.25517578125 0.2013671875
7 0.500390625 0.793603515625 0.22890625 0.25263671875
0 0.21005859375 0.47983398437499997 0.09375 0.09990234375
0 0.18378906250000002 0.3013671875 0.0203125 0.096875
