1 0.59384765625 0.328955078125 0.036328125 0.14208984375
1 0.23134765625 0.424072265625 0.0763671875 0.08876953125
1 0.31464843750000004 0.50654296875 0.155078125 0.2720703125
1 0.415966796875 0.44570312500000003 0.33466796875 0.194921875
1 0.5634765625 0.333447265625 0.088671875 0.17978515625
1 0.5697753906249999 0.316162109375 0.08994140625 0.19541015625
1 0.540869140625 0.28662109375 0.08896484375 0.0880859375
1 0.5302734375 0.28408203125 0.064453125 0.0791015625
1 0.5102050781249999 0.28095703125 0.09189453125 0.0818359375
1 0.421630859375 0.29794921875 0.11240234375 0.1103515625
1 0.45439453125 0.273876953125 0.0443359375 0.02880859375
1 0.41572265625000004 0.25083007812499997 0.0529296875 0.03740234375
1 0.271337890625 0.449169921875 0.13525390625 0.16123046875
1 0.443603515625 0.345458984375 0.27744140625 0.20537109375
6 0.585986328125 0.73056640625 0.41728515625 0.315234375
6 0.59306640625 0.573193359375 0.4341796875 0.30556640625
7 0.035205078125 0.919677734375 0.07041015625 0.16025390625
