1 0.5126464843749999 0.83701171875 0.03818359375 0.0615234375
7 0.906298828125 0.39501953125 0.18701171875 0.228515625
1 0.628076171875 0.547314453125 0.40654296875 0.34521484375
7 0.910693359375 0.541552734375 0.17802734375 0.27548828125
7 0.980322265625 0.730322265625 0.03896484375 0.14580078125
7 0.75458984375 0.5798828125 0.0771484375 0.0552734375
1 0.8984375 0.7470703125 0.1505859375 0.24140625
7 0.8438964843750001 0.652978515625 0.03896484375 0.04599609375
1 0.680078125 0.7982421875 0.29609375 0.251953125
7 0.684765625 0.71201171875 0.2841796875 0.2685546875
1 0.172021484375 0.678173828125 0.25224609375 0.22548828125
1 0.37875976562499997 0.6763671875 0.20986328125 0.2509765625
1 0.43510742187499996 0.662841796875 0.06669921875 0.16435546875
1 0.41796875 0.60146484375 0.0185546875 0.06015625
7 0.3587890625 0.633544921875 0.070703125 0.06943359375
2 0.10703125 0.37666015625 0.1322265625 0.0615234375
1 0.118310546875 0.425390625 0.17412109375 0.1326171875
1 0.13032226562500002 0.48349609375 0.25029296875 0.24140625
6 0.324658203125 0.524658203125 0.22119140625 0.26552734375
1 0.4314453125 0.5869628906250001 0.0185546875 0.09658203125
1 0.40610351562499997 0.6068359375 0.00966796875 0.0515625
0 0.457958984375 0.622900390625 0.03642578125 0.02880859375
6 0.634765625 0.5451171875 0.1748046875 0.1087890625
7 0.889892578125 0.684375 0.10068359375 0.11015625
7 0.89609375 0.4517578125 0.1037109375 0.097265625
7 0.8768066406249999 0.680078125 0.05576171875 0.0591796875
2 0.39384765624999996 0.6328125 0.0193359375 0.07109375
