7 0.16123046875 0.37626953125 0.2939453125 0.3005859375
7 0.44013671875000004 0.339013671875 0.338671875 0.28525390625
7 0.288330078125 0.454833984375 0.29365234375 0.24501953125
7 0.39287109375 0.483447265625 0.11640625 0.04169921875
7 0.4296875 0.8783203125 0.30390625 0.2427734375
7 0.7375976562500001 0.7685546875 0.3673828125 0.2703125
7 0.94462890625 0.8781249999999999 0.11015625 0.08359375
7 0.349560546875 0.667529296875 0.41201171875 0.36630859375
7 0.643017578125 0.567626953125 0.50498046875 0.41943359375
7 0.598583984375 0.89208984375 0.37900390625 0.215234375
7 0.59638671875 0.9771484375 0.26484375 0.0451171875
7 0.885107421875 0.9173828125 0.22919921875 0.1646484375
