1 0.078515625 0.100341796875 0.15703125 0.20068359375
1 0.104150390625 0.482177734375 0.20830078125 0.68505859375
1 0.379443359375 0.890087890625 0.75888671875 0.21923828125
7 0.884130859375 0.664794921875 0.22783203125 0.26962890625
0 0.87470703125 0.63046875 0.25 0.1994140625
1 0.477685546875 0.364990234375 0.78935546875 0.55634765625
7 0.48095703125 0.7471191406250001 0.6994140625 0.37177734375
5 0.191455078125 0.965625 0.38291015625 0.0681640625
0 0.3017578125 0.9639160156250001 0.301953125 0.07119140625
9 0.920654296875 0.89873046875 0.15810546875 0.2021484375
