7 0.94462890625 0.38115234375 0.11015625 0.0763671875
7 0.84990234375 0.51357421875 0.299609375 0.2087890625
1 0.4033203125 0.438134765625 0.67890625 0.21259765625
7 0.855517578125 0.20361328125 0.28837890625 0.2896484375
7 0.770849609375 0.36279296875 0.31611328125 0.3576171875
0 0.500341796875 0.28486328125 0.31748046875 0.14609375
1 0.527099609375 0.75390625 0.70439453125 0.3154296875
1 0.577197265625 0.779345703125 0.44345703125 0.14306640625
1 0.35322265625000004 0.797216796875 0.032421875 0.06474609375
1 0.6917968750000001 0.77099609375 0.191796875 0.0568359375
1 0.503271484375 0.644873046875 0.55751953125 0.26982421875
1 0.53046875 0.63232421875 0.2328125 0.0330078125
2 0.504296875 0.255859375 0.07734375 0.050390625
