7 0.255322265625 0.33173828125 0.34697265625 0.5185546875
7 0.289111328125 0.63349609375 0.22548828125 0.2265625
5 0.387060546875 0.54326171875 0.21455078125 0.3068359375
1 0.7875 0.620361328125 0.3869140625 0.57470703125
1 0.888525390625 0.476171875 0.17041015625 0.269140625
1 0.85595703125 0.495556640625 0.1865234375 0.14248046875
1 0.869677734375 0.471533203125 0.08505859375 0.07080078125
1 0.849609375 0.561376953125 0.205078125 0.11611328125
1 0.87919921875 0.6046874999999999 0.0982421875 0.030078125
1 0.83837890625 0.293603515625 0.32265625 0.30751953125
1 0.72607421875 0.411376953125 0.2923828125 0.42919921875
