5 0.0505859375 0.8822265625000001 0.101171875 0.234765625
1 0.29721679687499997 0.850390625 0.07216796875 0.103515625
1 0.31474609375 0.8002441406249999 0.0396484375 0.04033203125
1 0.304345703125 0.69775390625 0.08681640625 0.243359375
1 0.333984375 0.6972167968749999 0.0439453125 0.09091796875
1 0.3359375 0.50712890625 0.31171875 0.3244140625
1 0.222119140625 0.7144531249999999 0.18076171875 0.37734375
7 0.180078125 0.92587890625 0.1904296875 0.1474609375
7 0.12451171875 0.898974609375 0.0654296875 0.08037109375
7 0.49873046875 0.9062011718749999 0.18203125 0.18681640625
1 0.6875 0.17490234375 0.1185546875 0.1130859375
1 0.664208984375 0.18447265625 0.12548828125 0.092578125
1 0.722900390625 0.358935546875 0.08974609375 0.26025390625
1 0.713427734375 0.469189453125 0.02060546875 0.04228515625
1 0.77890625 0.30966796875 0.0369140625 0.12265625
1 0.748779296875 0.40322265625 0.04462890625 0.172265625
1 0.855810546875 0.514892578125 0.14111328125 0.21494140625
1 0.775146484375 0.39580078124999996 0.05927734375 0.161328125
1 0.7825683593749999 0.41054687500000003 0.05478515625 0.1431640625
1 0.786962890625 0.442919921875 0.04365234375 0.11474609375
1 0.810400390625 0.4318359375 0.03251953125 0.0482421875
1 0.804296875 0.452490234375 0.044140625 0.07041015625
1 0.8136230468750001 0.46284179687500004 0.07021484375 0.08369140625
1 0.81982421875 0.474365234375 0.0423828125 0.06650390625
1 0.831005859375 0.5029296875 0.03896484375 0.0892578125
1 0.847119140625 0.51533203125 0.07021484375 0.1140625
1 0.9046386718749999 0.563134765625 0.08310546875 0.15009765625
1 0.89755859375 0.5482421875 0.0818359375 0.166015625
1 0.909521484375 0.513916015625 0.02431640625 0.07470703125
1 0.889111328125 0.547265625 0.04658203125 0.11640625
1 0.88447265625 0.526904296875 0.0625 0.12861328125
1 0.8835937500000001 0.510205078125 0.0716796875 0.14482421875
1 0.8583984375 0.536865234375 0.0421875 0.07841796875
1 0.856201171875 0.5291015625 0.03525390625 0.0681640625
1 0.410986328125 0.22138671875 0.16123046875 0.1154296875
1 0.478759765625 0.21914062499999998 0.26416015625 0.202734375
1 0.550244140625 0.38544921875 0.32021484375 0.3759765625
1 0.535986328125 0.325927734375 0.24951171875 0.23974609375
1 0.467431640625 0.34902343750000003 0.03447265625 0.081640625
1 0.751416015625 0.485009765625 0.04541015625 0.02880859375
1 0.7854492187500001 0.639599609375 0.1810546875 0.30556640625
1 0.766357421875 0.712646484375 0.08681640625 0.14150390625
9 0.79423828125 0.655615234375 0.11484375 0.14521484375
1 0.596435546875 0.7987792968749999 0.30654296875 0.24638671875
1 0.674609375 0.7086914062499999 0.3337890625 0.2380859375
1 0.675 0.671630859375 0.30234375 0.24736328125
1 0.488623046875 0.6854980468749999 0.35068359375 0.31279296875
1 0.26982421875 0.34331054687499996 0.2703125 0.32412109375
0 0.6589843750000001 0.53056640625 0.2296875 0.0744140625
6 0.25927734375 0.6310546875 0.0736328125 0.13125
1 0.22001953125 0.62548828125 0.0486328125 0.1173828125
6 0.217138671875 0.651416015625 0.03896484375 0.06279296875
1 0.187158203125 0.617431640625 0.03251953125 0.12236328125
7 0.1822265625 0.611279296875 0.0439453125 0.14521484375
7 0.37373046875 0.907275390625 0.2748046875 0.18486328125
