8 0.643701171875 0.222119140625 0.51220703125 0.28251953125
8 0.97158203125 0.96474609375 0.05625 0.069921875
8 0.8650390625 0.810107421875 0.269140625 0.09892578125
5 0.083642578125 0.890625 0.16728515625 0.152734375
8 0.24189453125 0.966552734375 0.1001953125 0.06650390625
8 0.547607421875 0.7666503906250001 0.23740234375 0.22822265625
8 0.354443359375 0.78603515625 0.39150390625 0.3419921875
8 0.21611328124999998 0.49482421875000004 0.3859375 0.3576171875
8 0.391357421875 0.50361328125 0.04599609375 0.033984375
8 0.907275390625 0.565185546875 0.18486328125 0.07685546875
8 0.70400390625 0.576708984375 0.2705078125 0.16572265625
8 0.8642578125 0.7040527343749999 0.0810546875 0.05205078125
8 0.749169921875 0.89462890625 0.21064453125 0.1755859375
8 0.8507324218750001 0.763232421875 0.29794921875 0.10888671875
8 0.5545410156249999 0.41123046875 0.49208984375 0.283203125
8 0.638916015625 0.788525390625 0.24072265625 0.22939453125
8 0.666845703125 0.93994140625 0.10810546875 0.11953125
8 0.7333496093749999 0.943359375 0.20341796875 0.112890625
8 0.916357421875 0.886328125 0.16669921875 0.226953125
8 0.878759765625 0.43081054687500003 0.19208984375 0.22470703125
8 0.87529296875 0.645849609375 0.2486328125 0.11611328125
