1 0.47998046875 0.559130859375 0.9599609375 0.88115234375
0 0.897998046875 0.21962890625 0.20341796875 0.300390625
1 0.116259765625 0.114697265625 0.23251953125 0.07861328125
1 0.516552734375 0.499853515625 0.72822265625 0.99970703125
1 0.13427734375 0.061767578125 0.2685546875 0.12353515625
1 0.62587890625 0.07314453125 0.5453125 0.1462890625
1 0.68056640625 0.73681640625 0.159375 0.226171875
1 0.6873535156249999 0.5458984375 0.26162109375 0.470703125
1 0.7012695312499999 0.520947265625 0.11875 0.33603515625
0 0.75283203125 0.213037109375 0.1484375 0.35966796875
0 0.6989257812499999 0.245654296875 0.155078125 0.36533203125
0 0.677880859375 0.302001953125 0.10380859375 0.20263671875
0 0.6281249999999999 0.322607421875 0.07109375 0.20712890625
1 0.6096679687500001 0.301318359375 0.05390625 0.13193359375
1 0.593115234375 0.30268554687500004 0.05849609375 0.12626953125
2 0.539892578125 0.359375 0.16435546875 0.060546875
2 0.5357421875 0.35507812499999997 0.166015625 0.0662109375
2 0.510546875 0.28583984375 0.200390625 0.1490234375
1 0.3021484375 0.6494628906250001 0.0810546875 0.24580078125
1 0.029248046875 0.16083984375 0.05849609375 0.1123046875
1 0.15673828125 0.207666015625 0.148828125 0.13017578125
1 0.14296875 0.1865234375 0.172265625 0.0734375
1 0.046630859375 0.61640625 0.09326171875 0.3236328125
1 0.40458984375 0.6321777343749999 0.1669921875 0.46181640625
1 0.4716796875 0.682763671875 0.1259765625 0.22470703125
1 0.51220703125 0.67529296875 0.126953125 0.1646484375
1 0.29648437499999997 0.398046875 0.0658203125 0.5744140625
1 0.382568359375 0.30009765625 0.18583984375 0.6001953125
2 0.532373046875 0.47587890624999996 0.28173828125 0.20234375
2 0.541015625 0.565234375 0.2791015625 0.194921875
1 0.534033203125 0.219970703125 0.18388671875 0.11064453125
0 0.338427734375 0.07666015625 0.11142578125 0.0615234375
0 0.822314453125 0.487109375 0.15380859375 0.288671875
