1 0.499853515625 0.499853515625 0.99970703125 0.99970703125
1 0.838427734375 0.5424316406249999 0.16435546875 0.16220703125
0 0.879638671875 0.5597656249999999 0.19111328125 0.1314453125
1 0.601708984375 0.654541015625 0.09228515625 0.07392578125
1 0.59404296875 0.7765624999999999 0.2099609375 0.20390625
1 0.454150390625 0.89267578125 0.12001953125 0.074609375
1 0.81748046875 0.34130859375 0.364453125 0.248046875
1 0.766357421875 0.327490234375 0.30458984375 0.33212890625
7 0.78701171875 0.47983398437499997 0.0595703125 0.07119140625
1 0.7197753906250001 0.326025390625 0.17958984375 0.12822265625
2 0.7079589843749999 0.55966796875 0.12431640625 0.1912109375
1 0.524951171875 0.7931152343750001 0.20068359375 0.18349609375
1 0.40541992187500003 0.8250976562500001 0.10517578125 0.0892578125
1 0.705322265625 0.377392578125 0.26455078125 0.23837890625
1 0.502197265625 0.282080078125 0.35615234375 0.26611328125
1 0.3716796875 0.5589355468749999 0.743359375 0.62626953125
2 0.696240234375 0.660595703125 0.10615234375 0.04189453125
