1 0.674951171875 0.6125 0.33271484375 0.1673828125
1 0.7831054687500001 0.47709960937499996 0.0853515625 0.15009765625
1 0.763037109375 0.499169921875 0.04462890625 0.10693359375
1 0.75908203125 0.490234375 0.0234375 0.0533203125
1 0.72978515625 0.344189453125 0.1626953125 0.18251953125
1 0.7732421875 0.368603515625 0.03203125 0.06103515625
1 0.659521484375 0.39482421875 0.22255859375 0.31796875
1 0.67333984375 0.547705078125 0.088671875 0.02900390625
1 0.659033203125 0.43525390625 0.19775390625 0.2103515625
1 0.618212890625 0.43759765625 0.07568359375 0.0919921875
1 0.418212890625 0.405615234375 0.43291015625 0.36435546875
1 0.41669921875 0.3396484375 0.20703125 0.298828125
1 0.37480468749999996 0.421044921875 0.219921875 0.21552734375
1 0.31928710937500004 0.424853515625 0.25693359375 0.24755859375
7 0.83212890625 0.81396484375 0.3349609375 0.371484375
7 0.28984375 0.924951171875 0.5796875 0.14951171875
