1 0.05380859375 0.319482421875 0.1076171875 0.55361328125
7 0.499853515625 0.10947265625 0.99970703125 0.2189453125
7 0.046630859375 0.6828125 0.09326171875 0.1818359375
3 0.8134765625 0.49599609375 0.01640625 0.27578125
3 0.90634765625 0.43193359374999996 0.173828125 0.489453125
3 0.73857421875 0.4279296875 0.1736328125 0.4728515625
3 0.527294921875 0.427099609375 0.19697265625 0.60419921875
3 0.639501953125 0.42294921875 0.05732421875 0.476171875
3 0.337451171875 0.41733398437499997 0.19521484375 0.60380859375
3 0.16669921875 0.40922851562499996 0.1533203125 0.55986328125
0 0.89765625 0.08134765625 0.2041015625 0.1177734375
0 0.38271484375000003 0.04248046875 0.7564453125 0.0849609375
