5 0.210693359375 0.43374023437500003 0.05888671875 0.04267578125
4 0.23032226562500002 0.505810546875 0.07705078125 0.16689453125
4 0.1701171875 0.48095703125 0.185546875 0.2912109375
4 0.34951171875 0.41337890625 0.21953125 0.4263671875
5 0.8267578124999999 0.35078125 0.3287109375 0.5359375
5 0.5841796875 0.35781250000000003 0.2509765625 0.5275390625
5 0.7511718749999999 0.061767578125 0.11015625 0.03525390625
5 0.6021484375 0.051025390625 0.1150390625 0.05732421875
5 0.451416015625 0.06376953125 0.18779296875 0.029296875
5 0.26123046875 0.039453125 0.183203125 0.07890625
1 0.730029296875 0.044628906249999996 0.16240234375 0.06796875
