1 0.21240234375 0.48813476562499997 0.1525390625 0.07939453125
1 0.228564453125 0.532275390625 0.09892578125 0.04130859375
1 0.354541015625 0.583203125 0.16591796875 0.28671875
7 0.04130859375 0.535693359375 0.0826171875 0.34189453125
7 0.053955078125 0.686669921875 0.03251953125 0.19013671875
1 0.282470703125 0.639892578125 0.05009765625 0.17392578125
7 0.16372070312499998 0.64677734375 0.22822265625 0.4642578125
7 0.141162109375 0.51162109375 0.06103515625 0.0443359375
1 0.277294921875 0.481005859375 0.03271484375 0.04658203125
1 0.35615234375 0.485009765625 0.1166015625 0.07177734375
2 0.324755859375 0.45761718749999997 0.05478515625 0.0310546875
1 0.812158203125 0.658837890625 0.33857421875 0.35810546875
1 0.5421875 0.6435546875 0.2470703125 0.291015625
7 0.56318359375 0.450244140625 0.3080078125 0.30322265625
0 0.639794921875 0.6419921875 0.02158203125 0.0744140625
1 0.805322265625 0.563671875 0.20537109375 0.155078125
3 0.92236328125 0.6307617187500001 0.0515625 0.1087890625
1 0.80673828125 0.625830078125 0.1830078125 0.09619140625
1 0.6978515625 0.596875 0.0880859375 0.1078125
1 0.71201171875 0.596728515625 0.049609375 0.02080078125
1 0.8199707031250001 0.641845703125 0.18056640625 0.09853515625
