3 0.6934082031250001 0.371728515625 0.08876953125 0.07607421875
0 0.17841796875 0.827734375 0.070703125 0.0939453125
1 0.926318359375 0.56220703125 0.14677734375 0.875
1 0.7669921875 0.56611328125 0.2794921875 0.4126953125
1 0.83046875 0.461328125 0.0578125 0.0462890625
1 0.605224609375 0.404052734375 0.18623046875 0.24931640625
0 0.1326171875 0.78369140625 0.0642578125 0.0482421875
7 0.21591796875000002 0.441650390625 0.34453125 0.72978515625
7 0.50234375 0.692822265625 0.2904296875 0.55361328125
2 0.6090820312499999 0.338330078125 0.0689453125 0.09853515625
1 0.756201171875 0.416455078125 0.10712890625 0.10478515625
1 0.40908203125000003 0.2490234375 0.206640625 0.3611328125
7 0.34375 0.243408203125 0.0421875 0.09990234375
2 0.401025390625 0.265234375 0.09228515625 0.1197265625
5 0.433984375 0.22275390625 0.1517578125 0.1974609375
