7 0.33828125 0.499853515625 0.6765625 0.99970703125
7 0.960498046875 0.0091796875 0.07841796875 0.018359375
7 0.81650390625 0.2876953125 0.36640625 0.575390625
5 0.52509765625 0.07285156250000001 0.0138671875 0.0072265625
7 0.475634765625 0.05830078125 0.39248046875 0.1166015625
5 0.519189453125 0.09116210937500001 0.29228515625 0.15947265625
7 0.20551757812500002 0.19418945312500002 0.37138671875 0.18349609375
7 0.120849609375 0.41157226562500004 0.24169921875 0.42783203125
7 0.22207031249999998 0.431884765625 0.379296875 0.56767578125
7 0.63115234375 0.479248046875 0.685546875 0.84150390625
