1 0.961767578125 0.538232421875 0.07568359375 0.18603515625
1 0.810546875 0.611181640625 0.243359375 0.06767578125
1 0.810986328125 0.54443359375 0.27880859375 0.11015625
1 0.8030761718749999 0.450048828125 0.30849609375 0.11630859375
1 0.965087890625 0.48115234375 0.03798828125 0.06796875
1 0.9442382812500001 0.33408203125 0.1107421875 0.226171875
1 0.942138671875 0.371923828125 0.04365234375 0.07861328125
1 0.5326171875 0.44404296875 0.2609375 0.1083984375
1 0.500634765625 0.40126953125 0.22548828125 0.1498046875
1 0.226171875 0.30576171875 0.2109375 0.10859375
1 0.45205078125 0.276318359375 0.31875 0.21181640625
1 0.419677734375 0.264501953125 0.19248046875 0.05830078125
1 0.4568359375 0.280810546875 0.081640625 0.02333984375
0 0.434912109375 0.277294921875 0.11181640625 0.03271484375
1 0.417724609375 0.27666015624999996 0.10322265625 0.033984375
0 0.402294921875 0.27607421875 0.12333984375 0.034765625
1 0.548779296875 0.752685546875 0.42099609375 0.30205078125
1 0.514697265625 0.6541015625 0.38662109375 0.3419921875
1 0.19951171875 0.745654296875 0.305859375 0.12626953125
6 0.041015625 0.7288085937500001 0.08203125 0.22890625
1 0.202392578125 0.557080078125 0.40478515625 0.36064453125
1 0.348095703125 0.456005859375 0.09755859375 0.28994140625
1 0.308056640625 0.409423828125 0.08701171875 0.19638671875
1 0.294921875 0.407373046875 0.0892578125 0.20068359375
1 0.254345703125 0.41748046875 0.11181640625 0.1802734375
1 0.190673828125 0.47490234375 0.03935546875 0.0654296875
1 0.19677734375 0.42177734375 0.1263671875 0.1708984375
1 0.160009765625 0.38896484375 0.10185546875 0.1416015625
1 0.2068359375 0.373291015625 0.0658203125 0.08681640625
1 0.12197265624999999 0.412841796875 0.1388671875 0.18876953125
1 0.107470703125 0.400830078125 0.17197265625 0.21083984375
1 0.066943359375 0.3677734375 0.13388671875 0.2748046875
0 0.399169921875 0.27216796875000004 0.09189453125 0.0294921875
1 0.7820800781249999 0.22260742187500002 0.05087890625 0.03154296875
1 0.919677734375 0.259130859375 0.06083984375 0.05849609375
1 0.7865234375 0.2943359375 0.3673828125 0.2529296875
1 0.76572265625 0.3115234375 0.2185546875 0.0173828125
1 0.79873046875 0.277099609375 0.2046875 0.08056640625
