7 0.850341796875 0.044775390625 0.05009765625 0.08955078125
7 0.8955078125 0.043994140625 0.055859375 0.08798828125
5 0.974169921875 0.146240234375 0.04150390625 0.07607421875
1 0.9037109375 0.16533203125 0.11796875 0.1568359375
0 0.960400390625 0.2078125 0.04189453125 0.0708984375
4 0.9455078125 0.232373046875 0.0345703125 0.03310546875
4 0.98076171875 0.25361328125 0.0376953125 0.21015625
5 0.905908203125 0.19306640625 0.05009765625 0.0900390625
1 0.777001953125 0.3517578125 0.04072265625 0.0388671875
0 0.782568359375 0.32607421875 0.04814453125 0.0248046875
1 0.8162109375 0.2841796875 0.1013671875 0.026953125
1 0.8109375 0.261376953125 0.11796875 0.04970703125
1 0.8138671875 0.238037109375 0.123046875 0.06416015625
5 0.9322753906250001 0.350146484375 0.13466796875 0.24892578125
7 0.47578125 0.44072265625 0.376953125 0.29140625
7 0.7119140625 0.19794921875 0.1203125 0.3369140625
7 0.725537109375 0.464794921875 0.44794921875 0.46376953125
5 0.5596191406250001 0.462255859375 0.10439453125 0.27744140625
5 0.4443359375 0.530029296875 0.129296875 0.35400390625
5 0.248095703125 0.5181640624999999 0.14599609375 0.3509765625
7 0.04931640625 0.532373046875 0.0986328125 0.22822265625
4 0.0322265625 0.26865234375 0.064453125 0.2763671875
5 0.0544921875 0.287841796875 0.0291015625 0.22880859375
