7 0.46357421875000004 0.28037109375 0.0978515625 0.1029296875
5 0.45380859375000004 0.27568359375 0.0353515625 0.0275390625
1 0.603857421875 0.32539062500000004 0.22158203125 0.174609375
1 0.589794921875 0.314306640625 0.20732421875 0.18623046875
3 0.33515625 0.3611328125 0.0400390625 0.1517578125
7 0.41416015625 0.36982421875 0.19609375 0.1140625
7 0.54345703125 0.379345703125 0.0400390625 0.03447265625
7 0.461572265625 0.379833984375 0.13818359375 0.03251953125
5 0.456640625 0.386865234375 0.101171875 0.03271484375
5 0.587646484375 0.365673828125 0.09521484375 0.06865234375
7 0.6819335937500001 0.502099609375 0.2599609375 0.24033203125
5 0.650146484375 0.5111328125 0.04033203125 0.027734375
0 0.632958984375 0.44980468749999997 0.00068359375 0.00078125
2 0.638916015625 0.4779296875 0.04501953125 0.055078125
5 0.652099609375 0.55380859375 0.04560546875 0.0595703125
7 0.41513671875 0.544189453125 0.1994140625 0.30556640625
2 0.434423828125 0.436474609375 0.04072265625 0.01884765625
7 0.569580078125 0.640234375 0.17294921875 0.3326171875
5 0.51572265625 0.44130859375 0.0810546875 0.1083984375
5 0.5621582031250001 0.47744140625 0.07998046875 0.090234375
0 0.547802734375 0.490966796875 0.11806640625 0.06279296875
7 0.72998046875 0.6921875 0.206640625 0.251953125
7 0.344384765625 0.67685546875 0.12138671875 0.117578125
5 0.6550781250000001 0.457568359375 0.0873046875 0.09775390625
1 0.6812011718750001 0.424951171875 0.05556640625 0.03642578125
5 0.664306640625 0.450390625 0.09521484375 0.0927734375
