0 0.7454101562500001 0.17978515625 0.0587890625 0.043359375
0 0.22358398437500002 0.645947265625 0.12822265625 0.35478515625
1 0.33793945312499996 0.643310546875 0.16142578125 0.27412109375
1 0.34213867187499997 0.638671875 0.13271484375 0.1259765625
0 0.571337890625 0.7625976562500001 0.44423828125 0.47421875
1 0.5089355468750001 0.63857421875 0.28818359375 0.05625
1 0.532958984375 0.6123046875 0.28623046875 0.0400390625
0 0.697607421875 0.3607421875 0.05302734375 0.066796875
1 0.230322265625 0.37958984375 0.08955078125 0.29296875
0 0.704248046875 0.1884765625 0.03349609375 0.0529296875
2 0.690185546875 0.104833984375 0.05556640625 0.09658203125
0 0.68525390625 0.15966796875 0.029296875 0.036328125
0 0.742138671875 0.209033203125 0.06025390625 0.05224609375
5 0.6900390624999999 0.25229492187499997 0.0982421875 0.07939453125
5 0.6974609375 0.2056640625 0.0421875 0.032421875
7 0.636572265625 0.29765625 0.02900390625 0.058203125
7 0.55166015625 0.13740234375 0.24921875 0.2748046875
1 0.47763671875 0.307080078125 0.439453125 0.36806640625
1 0.33095703125 0.3046875 0.1322265625 0.1603515625
0 0.281298828125 0.327880859375 0.07197265625 0.07900390625
0 0.254736328125 0.40146484375 0.07041015625 0.0548828125
1 0.502490234375 0.510107421875 0.45634765625 0.19013671875
1 0.54443359375 0.533251953125 0.2876953125 0.16435546875
1 0.63134765625 0.49750976562500004 0.0578125 0.08564453125
1 0.49736328124999996 0.39814453125 0.43671875 0.0720703125
1 0.35415039062500003 0.59736328125 0.07587890625 0.0419921875
1 0.503955078125 0.5041015625 0.32685546875 0.2080078125
