7 0.413330078125 0.21376953125 0.08701171875 0.211328125
7 0.49331054687500003 0.093896484375 0.06650390625 0.16533203125
7 0.685009765625 0.442138671875 0.12255859375 0.21494140625
7 0.539794921875 0.3103515625 0.23583984375 0.3859375
7 0.6623046875 0.584375 0.205078125 0.355859375
7 0.39838867187500004 0.32255859375 0.06123046875 0.194140625
7 0.36000976562500003 0.12431640625000001 0.05087890625 0.04765625
7 0.39423828125 0.5322265625 0.1376953125 0.2642578125
7 0.49453125 0.653271484375 0.1875 0.42626953125
7 0.258935546875 0.6754394531250001 0.19345703125 0.46396484375
7 0.269873046875 0.368115234375 0.23115234375 0.57412109375
7 0.513427734375 0.02861328125 0.04365234375 0.0572265625
0 0.24311523437500002 0.52958984375 0.03642578125 0.028125
0 0.31943359375 0.524658203125 0.029296875 0.05126953125
