1 0.044970703125 0.9248046875 0.08994140625 0.1498046875
1 0.9267089843749999 0.78232421875 0.14580078125 0.199609375
1 0.915380859375 0.92919921875 0.16865234375 0.10390625
1 0.920751953125 0.950439453125 0.15771484375 0.09873046875
1 0.47216796875 0.92109375 0.786328125 0.1572265625
1 0.48427734375000003 0.6923828125 0.96796875 0.39609375
1 0.499853515625 0.25595703125 0.99970703125 0.5119140625
1 0.951513671875 0.687353515625 0.09619140625 0.15205078125
1 0.975048828125 0.66953125 0.04931640625 0.0359375
1 0.963916015625 0.653662109375 0.07138671875 0.04736328125
1 0.9733398437499999 0.64697265625 0.0525390625 0.0439453125
