7 0.90888671875 0.10302734375 0.153515625 0.2060546875
7 0.81962890625 0.134423828125 0.107421875 0.07177734375
7 0.9638671875 0.239599609375 0.0716796875 0.16767578125
7 0.801904296875 0.26259765625 0.25947265625 0.2513671875
1 0.913037109375 0.37255859375 0.09248046875 0.1412109375
7 0.7934082031249999 0.56533203125 0.17705078125 0.1736328125
0 0.6590820312500001 0.608642578125 0.039453125 0.02939453125
5 0.818359375 0.427294921875 0.127734375 0.17197265625
7 0.663427734375 0.433349609375 0.30107421875 0.36279296875
1 0.42084960937500004 0.15908203125 0.35166015625 0.3181640625
1 0.40673828125 0.309521484375 0.180078125 0.20966796875
5 0.206982421875 0.513525390625 0.08603515625 0.21826171875
5 0.20048828125 0.500341796875 0.078125 0.14091796875
5 0.20478515625000002 0.48344726562499996 0.0513671875 0.14677734375
1 0.448388671875 0.6288085937500001 0.51787109375 0.659765625
1 0.610498046875 0.39169921875 0.23388671875 0.1736328125
1 0.43784179687499997 0.40625 0.10537109375 0.03671875
2 0.28837890625 0.607763671875 0.076171875 0.20302734375
2 0.3337890625 0.502001953125 0.04609375 0.16337890625
1 0.76904296875 0.814208984375 0.064453125 0.08271484375
5 0.43979492187499997 0.31650390625 0.03740234375 0.03046875
