1 0.6736328125 0.355517578125 0.31875 0.25615234375
7 0.564306640625 0.489111328125 0.19150390625 0.17705078125
7 0.530908203125 0.584228515625 0.22451171875 0.21005859375
7 0.350634765625 0.4767578125 0.22451171875 0.0994140625
7 0.35517578125 0.648779296875 0.251953125 0.29912109375
1 0.67412109375 0.30043945312500003 0.2509765625 0.08505859375
1 0.6643554687500001 0.306591796875 0.1732421875 0.08037109375
1 0.763671875 0.300830078125 0.0525390625 0.07041015625
1 0.67841796875 0.257861328125 0.1517578125 0.09599609375
1 0.712646484375 0.3013671875 0.12041015625 0.06796875
1 0.255810546875 0.510986328125 0.05986328125 0.04287109375
0 0.661669921875 0.28964843749999997 0.05888671875 0.055078125
