7 0.5666015624999999 0.381689453125 0.1861328125 0.14384765625
7 0.478564453125 0.40317382812499997 0.08271484375 0.09599609375
7 0.582373046875 0.50322265625 0.16201171875 0.2013671875
1 0.7958007812500001 0.59072265625 0.288671875 0.4255859375
1 0.7311523437499999 0.4298828125 0.144140625 0.074609375
1 0.743505859375 0.436279296875 0.14052734375 0.06943359375
1 0.766845703125 0.442041015625 0.13818359375 0.07861328125
1 0.777783203125 0.455322265625 0.09658203125 0.06298828125
1 0.796630859375 0.46015625 0.07607421875 0.0552734375
1 0.8594238281250001 0.451171875 0.09658203125 0.055078125
6 0.172119140625 0.6460449218750001 0.17626953125 0.26240234375
6 0.283203125 0.47939453125000003 0.336328125 0.132421875
6 0.287548828125 0.40849609375 0.30126953125 0.15078125
0 0.17578125 0.5442871093749999 0.0525390625 0.38271484375
0 0.379345703125 0.43662109374999997 0.01591796875 0.133203125
7 0.29921875 0.263525390625 0.333984375 0.23486328125
1 0.3759765625 0.678076171875 0.433203125 0.48115234375
7 0.635400390625 0.7599609375 0.28408203125 0.3427734375
