0 0.62900390625 0.040869140624999994 0.0322265625 0.06845703125
5 0.521533203125 0.095556640625 0.21923828125 0.19111328125
1 0.460595703125 0.464453125 0.41865234375 0.6279296875
4 0.4216796875 0.476513671875 0.0724609375 0.11572265625
4 0.37832031250000003 0.547265625 0.05234375 0.0634765625
4 0.41123046874999997 0.56875 0.0525390625 0.0634765625
4 0.43994140625 0.596435546875 0.044140625 0.05791015625
4 0.46923828125 0.5326171875 0.055078125 0.086328125
0 0.5607421875 0.67197265625 0.03125 0.041015625
7 0.19038085937500002 0.255810546875 0.05478515625 0.09755859375
