7 0.487744140625 0.506103515625 0.30361328125 0.34501953125
0 0.085107421875 0.541650390625 0.08427734375 0.09326171875
7 0.139892578125 0.9042480468749999 0.25263671875 0.12900390625
7 0.20468750000000002 0.728955078125 0.21953125 0.14736328125
0 0.34604492187499997 0.617333984375 0.17958984375 0.09521484375
0 0.4158203125 0.69716796875 0.0724609375 0.123046875
6 0.4134765625 0.7880859375 0.1603515625 0.0671875
1 0.8103515625 0.570703125 0.1021484375 0.0525390625
0 0.56396484375 0.724462890625 0.0796875 0.06298828125
2 0.5036132812499999 0.7154296874999999 0.09921875 0.08359375
5 0.317919921875 0.6755859375 0.13720703125 0.095703125
5 0.712646484375 0.6296875000000001 0.22685546875 0.1671875
