0 0.11474609375 0.554931640625 0.2294921875 0.33701171875
6 0.529248046875 0.6208984375 0.30654296875 0.3052734375
0 0.91962890625 0.018359375 0.032421875 0.03671875
6 0.8671875 0.017626953125 0.1107421875 0.03525390625
6 0.922412109375 0.11953125 0.15439453125 0.2390625
6 0.7314941406250001 0.124267578125 0.40009765625 0.24853515625
0 0.7435546875000001 0.03994140625 0.0658203125 0.0798828125
0 0.763720703125 0.085791015625 0.13193359375 0.17158203125
0 0.76025390625 0.180078125 0.0767578125 0.1517578125
6 0.56845703125 0.193359375 0.3134765625 0.2884765625
0 0.6048828125 0.066845703125 0.2447265625 0.05927734375
0 0.569287109375 0.13759765625 0.26552734375 0.0837890625
