1 0.19838867187499998 0.888916015625 0.19794921875 0.22158203125
1 0.332666015625 0.6882812500000001 0.31123046875 0.221875
1 0.261328125 0.613427734375 0.4208984375 0.29169921875
1 0.624267578125 0.7342773437500001 0.24853515625 0.3177734375
1 0.602685546875 0.6388671875 0.24599609375 0.2314453125
1 0.661474609375 0.6907714843749999 0.11904296875 0.08994140625
1 0.701123046875 0.677734375 0.02626953125 0.0572265625
1 0.5806152343750001 0.670654296875 0.04365234375 0.05224609375
1 0.60810546875 0.68203125 0.0248046875 0.0505859375
7 0.951220703125 0.078759765625 0.09697265625 0.10517578125
1 0.954833984375 0.165283203125 0.08974609375 0.12958984375
1 0.84853515625 0.14433593749999998 0.1416015625 0.2443359375
1 0.895703125 0.127490234375 0.0185546875 0.05126953125
1 0.86435546875 0.1345703125 0.029296875 0.0720703125
1 0.85400390625 0.1455078125 0.03046875 0.07734375
1 0.815869140625 0.145947265625 0.01806640625 0.09423828125
1 0.795751953125 0.12470703125 0.03447265625 0.13359375
1 0.8204101562499999 0.12626953125 0.0396484375 0.1236328125
7 0.925927734375 0.26904296875 0.14755859375 0.2251953125
7 0.845703125 0.307568359375 0.132421875 0.11572265625
1 0.8771484375 0.54921875 0.2453125 0.368359375
1 0.764892578125 0.423291015625 0.07783203125 0.26318359375
1 0.8146484375 0.454345703125 0.1029296875 0.21494140625
1 0.911474609375 0.452099609375 0.14736328125 0.24208984375
7 0.5989746093749999 0.445458984375 0.33681640625 0.32939453125
1 0.348974609375 0.317431640625 0.33876953125 0.39287109375
