7 0.9554687500000001 0.7401855468749999 0.08828125 0.15927734375
2 0.8255859375 0.69287109375 0.08984375 0.0830078125
1 0.443212890625 0.6288085937500001 0.07763671875 0.051171875
2 0.30107421875 0.402734375 0.053125 0.0205078125
2 0.36474609375 0.390576171875 0.05390625 0.04345703125
2 0.406689453125 0.5333984375 0.02978515625 0.0765625
2 0.392578125 0.41391601562499997 0.062109375 0.03740234375
2 0.40361328125 0.463134765625 0.0400390625 0.06650390625
2 0.411376953125 0.51513671875 0.02041015625 0.0646484375
1 0.320458984375 0.509521484375 0.16376953125 0.19365234375
7 0.87705078125 0.496875 0.2451171875 0.291015625
1 0.6919921875 0.49404296875 0.1912109375 0.2478515625
1 0.517724609375 0.4685546875 0.19482421875 0.1939453125
2 0.691015625 0.41250000000000003 0.052734375 0.0689453125
4 0.7074707031249999 0.455126953125 0.04326171875 0.02783203125
2 0.7324707031250001 0.49472656249999997 0.04658203125 0.0544921875
2 0.648681640625 0.406884765625 0.05556640625 0.06376953125
7 0.6427734375 0.45097656249999996 0.070703125 0.0544921875
2 0.6844238281249999 0.48774414062500004 0.08212890625 0.07294921875
