1 0.48759765625 0.077001953125 0.1240234375 0.15400390625
7 0.93115234375 0.151904296875 0.1064453125 0.05478515625
7 0.84345703125 0.18359375 0.0810546875 0.097265625
7 0.400634765625 0.1341796875 0.17958984375 0.1056640625
0 0.4794921875 0.014501953125 0.0892578125 0.02900390625
0 0.51171875 0.197021484375 0.0810546875 0.02802734375
5 0.500146484375 0.156640625 0.09619140625 0.06171875
7 0.118701171875 0.348828125 0.13623046875 0.076171875
0 0.101220703125 0.307080078125 0.09189453125 0.05009765625
0 0.060302734375 0.339794921875 0.04794921875 0.06005859375
0 0.0259765625 0.33676757812499997 0.051953125 0.05751953125
1 0.40825195312499996 0.300634765625 0.51552734375 0.21826171875
1 0.4609375 0.32177734375 0.3359375 0.1609375
1 0.480859375 0.3267578125 0.3095703125 0.144140625
1 0.1037109375 0.4248046875 0.03671875 0.0654296875
1 0.11435546875000001 0.42548828125000004 0.0482421875 0.0607421875
1 0.169482421875 0.394287109375 0.11279296875 0.08974609375
1 0.14267578125 0.4548828125 0.1220703125 0.0927734375
7 0.94365234375 0.294873046875 0.112109375 0.33486328125
7 0.81318359375 0.247900390625 0.373046875 0.23388671875
1 0.5755859375000001 0.45068359375 0.534765625 0.2103515625
1 0.552197265625 0.463818359375 0.64677734375 0.25595703125
1 0.21376953124999998 0.522705078125 0.2232421875 0.24873046875
1 0.98115234375 0.42919921875 0.03046875 0.0498046875
1 0.82177734375 0.367431640625 0.3154296875 0.14755859375
7 0.0990234375 0.7365234375 0.198046875 0.5265625
7 0.061572265625 0.745849609375 0.12041015625 0.11083984375
1 0.34560546875 0.89912109375 0.041015625 0.0423828125
1 0.557080078125 0.83701171875 0.88525390625 0.325390625
1 0.56708984375 0.738623046875 0.8650390625 0.43505859375
1 0.48759765625 0.650146484375 0.9751953125 0.46005859375
1 0.72587890625 0.656201171875 0.54765625 0.40771484375
7 0.8837890625 0.06884765625 0.2318359375 0.1376953125
9 0.955224609375 0.024169921875 0.08896484375 0.04833984375
1 0.300244140625 0.671826171875 0.07802734375 0.12001953125
