1 0.756689453125 0.144482421875 0.33427734375 0.10380859375
1 0.767626953125 0.18291015625 0.29013671875 0.2447265625
7 0.646728515625 0.690478515625 0.21904296875 0.32470703125
1 0.7978027343749999 0.19565429687500002 0.12626953125 0.08896484375
5 0.8137695312500001 0.368701171875 0.231640625 0.36376953125
0 0.81103515625 0.401611328125 0.1552734375 0.25166015625
1 0.63828125 0.38828125 0.2998046875 0.498046875
7 0.810595703125 0.581005859375 0.21201171875 0.15009765625
1 0.347509765625 0.678857421875 0.41962890625 0.53369140625
7 0.44423828125000003 0.48393554687499996 0.1037109375 0.14189453125
7 0.252880859375 0.6013671875 0.30732421875 0.146484375
7 0.304443359375 0.41318359375 0.35693359375 0.288671875
