1 0.327490234375 0.785400390625 0.23037109375 0.33271484375
1 0.7193359375 0.49887695312499997 0.2298828125 0.42958984375
1 0.618798828125 0.36557617187499997 0.01787109375 0.03935546875
1 0.6544921875 0.272509765625 0.064453125 0.07998046875
1 0.6787109375 0.29477539062499997 0.07265625 0.05849609375
1 0.6909667968750001 0.326220703125 0.08876953125 0.09951171875
1 0.7220703125 0.31513671875 0.0369140625 0.1025390625
1 0.745849609375 0.33198242187500004 0.03642578125 0.08662109375
1 0.526611328125 0.63544921875 0.32412109375 0.51953125
1 0.664306640625 0.5692871093749999 0.01806640625 0.03740234375
1 0.661181640625 0.536181640625 0.01884765625 0.04990234375
1 0.5244140625 0.5103515625 0.273046875 0.348828125
1 0.662939453125 0.5909667968750001 0.01884765625 0.05361328125
1 0.61044921875 0.6213867187500001 0.10390625 0.1322265625
1 0.552734375 0.674755859375 0.0111328125 0.04072265625
1 0.53271484375 0.683984375 0.0396484375 0.0439453125
0 0.679833984375 0.34125976562500004 0.02978515625 0.06220703125
1 0.6271484375 0.329052734375 0.039453125 0.04501953125
2 0.65419921875 0.357958984375 0.07734375 0.07900390625
5 0.148828125 0.636083984375 0.158203125 0.49833984375
5 0.710205078125 0.37929687500000003 0.04287109375 0.03046875
