7 0.452880859375 0.48193359375 0.51748046875 0.9638671875
0 0.47700195312500004 0.447998046875 0.02216796875 0.03349609375
0 0.535595703125 0.4583984375 0.04267578125 0.0595703125
1 0.47929687499999996 0.5280273437499999 0.155078125 0.1177734375
1 0.49921875 0.45810546874999997 0.0916015625 0.105859375
2 0.463330078125 0.34990234374999996 0.15673828125 0.1486328125
2 0.3525390625 0.336669921875 0.075390625 0.06044921875
5 0.35830078125 0.278662109375 0.112109375 0.14638671875
0 0.348828125 0.230615234375 0.0224609375 0.05380859375
5 0.350537109375 0.3783203125 0.07138671875 0.1181640625
0 0.37265624999999997 0.385107421875 0.0310546875 0.04541015625
0 0.45341796875 0.46953125 0.140234375 0.0599609375
1 0.461962890625 0.5632812500000001 0.06748046875 0.1115234375
0 0.5653320312500001 0.48740234375 0.0228515625 0.05859375
0 0.5479492187499999 0.506640625 0.0396484375 0.0546875
0 0.42841796875 0.43300781250000003 0.060546875 0.0396484375
