6 0.0623046875 0.6568359375 0.096875 0.1203125
6 0.06103515625 0.5597656249999999 0.096875 0.13046875
6 0.041650390625 0.79365234375 0.08330078125 0.154296875
6 0.035888671875 0.709326171875 0.07177734375 0.13935546875
6 0.225390625 0.806201171875 0.3515625 0.22392578125
6 0.009765625 0.598095703125 0.01953125 0.10244140625
6 0.043994140625 0.498974609375 0.08798828125 0.11064453125
7 0.038525390625 0.47519531249999997 0.07705078125 0.0505859375
7 0.05126953125 0.42607421875 0.1025390625 0.1220703125
7 0.06416015625 0.229248046875 0.1283203125 0.13115234375
7 0.054541015625 0.342626953125 0.10908203125 0.12177734375
6 0.25625 0.65576171875 0.2982421875 0.2296875
6 0.251611328125 0.509423828125 0.29365234375 0.21083984375
6 0.256103515625 0.387744140625 0.30791015625 0.11982421875
6 0.13173828125 0.2529296875 0.0830078125 0.0451171875
6 0.25361328125 0.310791015625 0.3068359375 0.11357421875
6 0.28916015625 0.245947265625 0.331640625 0.07666015625
6 0.271142578125 0.198486328125 0.33662109375 0.08701171875
6 0.298486328125 0.117529296875 0.35751953125 0.18056640625
7 0.83203125 0.7699218750000001 0.3353515625 0.4595703125
7 0.54453125 0.8798339843749999 0.344921875 0.22392578125
7 0.541943359375 0.6531738281249999 0.35048828125 0.47744140625
0 0.068505859375 0.5984375000000001 0.05888671875 0.215234375
0 0.2888671875 0.48710937499999996 0.3654296875 0.7728515625
0 0.30322265625 0.091552734375 0.342578125 0.10615234375
5 0.777734375 0.6114746093750001 0.0720703125 0.04091796875
