1 0.530810546875 0.698388671875 0.12255859375 0.07138671875
1 0.56240234375 0.649169921875 0.1599609375 0.08994140625
1 0.713427734375 0.5153320312499999 0.20712890625 0.1841796875
1 0.283349609375 0.524169921875 0.56669921875 0.09990234375
1 0.91044921875 0.521875 0.0828125 0.05625
1 0.8603515625 0.517578125 0.1001953125 0.09921875
2 0.779443359375 0.504638671875 0.07568359375 0.10185546875
5 0.787939453125 0.450732421875 0.07490234375 0.05419921875
1 0.7810546875000001 0.49873046875 0.0744140625 0.088671875
1 0.63330078125 0.38510742187499997 0.19765625 0.10087890625
1 0.58671875 0.456982421875 0.0478515625 0.05419921875
1 0.6414062500000001 0.390087890625 0.11953125 0.04794921875
1 0.685546875 0.42314453125 0.2271484375 0.0677734375
1 0.68232421875 0.518212890625 0.1185546875 0.13759765625
1 0.48857421874999996 0.629931640625 0.299609375 0.33466796875
1 0.6881347656250001 0.52080078125 0.10048828125 0.11640625
1 0.462890625 0.45932617187499997 0.1103515625 0.03701171875
1 0.7271484374999999 0.57021484375 0.13046875 0.055859375
1 0.7390625 0.6552734375 0.22421875 0.13125
1 0.749951171875 0.65380859375 0.17158203125 0.1302734375
1 0.118896484375 0.5561035156249999 0.10693359375 0.15048828125
1 0.128759765625 0.63046875 0.18701171875 0.2556640625
1 0.17783203125 0.6557128906249999 0.05703125 0.04228515625
1 0.258935546875 0.5337890624999999 0.37548828125 0.5681640625
