1 0.583056640625 0.526416015625 0.61708984375 0.55830078125
7 0.1853515625 0.389990234375 0.2900390625 0.25029296875
1 0.66572265625 0.2994140625 0.42265625 0.18671875
0 0.6939453125 0.288427734375 0.310546875 0.13837890625
0 0.16010742187500002 0.638720703125 0.03837890625 0.01513671875
1 0.136572265625 0.69033203125 0.06748046875 0.080078125
0 0.16767578125 0.7830078125 0.0548828125 0.0615234375
1 0.352685546875 0.708349609375 0.41298828125 0.45732421875
0 0.52763671875 0.912158203125 0.38125 0.17509765625
7 0.734814453125 0.307470703125 0.07080078125 0.07666015625
7 0.685498046875 0.275927734375 0.05361328125 0.03798828125
0 0.40693359375000004 0.585693359375 0.280078125 0.20908203125
