7 0.603125 0.400927734375 0.121484375 0.28076171875
7 0.587109375 0.319873046875 0.023828125 0.03798828125
1 0.554931640625 0.581396484375 0.12724609375 0.12041015625
7 0.494091796875 0.407763671875 0.14833984375 0.38427734375
1 0.40351562500000004 0.5866210937499999 0.0431640625 0.090625
1 0.3548828125 0.441162109375 0.3015625 0.50927734375
1 0.140771484375 0.37353515625 0.28154296875 0.2953125
1 0.157421875 0.382568359375 0.1904296875 0.13095703125
7 0.760205078125 0.41630859374999996 0.18896484375 0.260546875
7 0.19990234375 0.686181640625 0.3998046875 0.41728515625
