7 0.542578125 0.480126953125 0.1708984375 0.35380859375
7 0.37163085937499996 0.729443359375 0.26162109375 0.23408203125
1 0.301611328125 0.46918945312500004 0.39833984375 0.40009765625
5 0.38706054687499997 0.3833984375 0.06923828125 0.1001953125
5 0.298828125 0.516162109375 0.121484375 0.26650390625
1 0.289306640625 0.622412109375 0.03896484375 0.01259765625
5 0.222412109375 0.59619140625 0.05634765625 0.06875
0 0.39169921875 0.440673828125 0.0919921875 0.09091796875
5 0.38759765625000003 0.47724609375 0.0763671875 0.0853515625
5 0.269677734375 0.4935546875 0.08701171875 0.1875
7 0.33740234375 0.54501953125 0.1296875 0.2017578125
5 0.43154296875 0.554248046875 0.1845703125 0.29365234375
5 0.332763671875 0.3525390625 0.09501953125 0.0615234375
5 0.22929687499999998 0.4837890625 0.0890625 0.1884765625
5 0.272998046875 0.388916015625 0.04443359375 0.02119140625
5 0.30087890625 0.398681640625 0.0431640625 0.03740234375
5 0.24755859375 0.39189453125 0.0669921875 0.0787109375
5 0.219921875 0.473828125 0.044921875 0.0806640625
7 0.47177734375 0.5740234375 0.1220703125 0.1884765625
7 0.716552734375 0.49057617187499997 0.03173828125 0.06181640625
5 0.6998046874999999 0.536083984375 0.023046875 0.07802734375
5 0.551953125 0.578369140625 0.048828125 0.07080078125
2 0.5801269531250001 0.38916015625 0.08974609375 0.0892578125
