5 0.7281738281250001 0.672509765625 0.20986328125 0.16572265625
5 0.5434082031249999 0.8095214843749999 0.09970703125 0.28837890625
1 0.574169921875 0.371044921875 0.44794921875 0.59326171875
5 0.778564453125 0.359130859375 0.17958984375 0.32802734375
5 0.291552734375 0.541064453125 0.07412109375 0.19580078125
1 0.3818359375 0.143896484375 0.0146484375 0.03505859375
5 0.422998046875 0.130419921875 0.07763671875 0.12666015625
7 0.352099609375 0.391357421875 0.23837890625 0.28740234375
7 0.41098632812499997 0.214892578125 0.11552734375 0.12099609375
7 0.270361328125 0.143701171875 0.21279296875 0.28740234375
5 0.27690429687499996 0.728369140625 0.18134765625 0.14912109375
0 0.107666015625 0.78623046875 0.09775390625 0.096875
7 0.656884765625 0.51005859375 0.08759765625 0.1154296875
2 0.6024414062500001 0.5518066406250001 0.0873046875 0.03408203125
5 0.4796875 0.606494140625 0.0828125 0.07080078125
7 0.6029296875 0.542138671875 0.0908203125 0.08232421875
