1 0.8171875 0.504345703125 0.04765625 0.06123046875
1 0.511865234375 0.795068359375 0.60380859375 0.17685546875
1 0.509228515625 0.69873046875 0.75595703125 0.3916015625
1 0.52548828125 0.660595703125 0.351171875 0.10888671875
1 0.52548828125 0.6314453125 0.3611328125 0.1279296875
1 0.53642578125 0.61865234375 0.381640625 0.179296875
7 0.24833984375 0.147509765625 0.3115234375 0.28271484375
1 0.057666015625 0.046337890625 0.07177734375 0.06396484375
1 0.14912109375 0.177099609375 0.2275390625 0.24306640625
7 0.50595703125 0.22392578125 0.20703125 0.2509765625
1 0.14677734375 0.30693359375 0.1216796875 0.0498046875
1 0.43056640625 0.42656249999999996 0.6904296875 0.4603515625
3 0.736083984375 0.40732421874999997 0.07138671875 0.0404296875
0 0.315625 0.60224609375 0.064453125 0.043359375
0 0.26967773437500003 0.7345703124999999 0.04267578125 0.0396484375
7 0.898681640625 0.304296875 0.20205078125 0.5064453125
