7 0.798974609375 0.24355468749999998 0.18779296875 0.24375
0 0.558251953125 0.46499023437500003 0.04013671875 0.04501953125
7 0.674951171875 0.380126953125 0.28642578125 0.30322265625
7 0.430078125 0.35849609375 0.2390625 0.407421875
5 0.209375 0.5529296875 0.0927734375 0.123046875
7 0.24013671874999998 0.47587890624999996 0.1294921875 0.1984375
7 0.231298828125 0.530419921875 0.06025390625 0.04365234375
5 0.23491210937499998 0.550634765625 0.07490234375 0.09326171875
5 0.19199218750000002 0.63427734375 0.11953125 0.066796875
2 0.133447265625 0.74072265625 0.05205078125 0.0720703125
6 0.187890625 0.7153808593750001 0.06328125 0.07900390625
7 0.007080078125 0.5515625 0.01416015625 0.144140625
5 0.04326171875 0.6861328124999999 0.0865234375 0.1646484375
0 0.14741210937500002 0.66416015625 0.02353515625 0.0353515625
5 0.090478515625 0.72900390625 0.10068359375 0.151171875
6 0.0330078125 0.816650390625 0.066015625 0.10419921875
7 0.039306640625 0.88232421875 0.07861328125 0.088671875
6 0.125537109375 0.933740234375 0.08681640625 0.13193359375
6 0.097607421875 0.936181640625 0.19521484375 0.12041015625
5 0.137255859375 0.8617675781249999 0.09794921875 0.17001953125
7 0.32124023437500004 0.739599609375 0.34990234375 0.52021484375
0 0.482470703125 0.23828125 0.04287109375 0.0796875
7 0.44111328125 0.226220703125 0.0498046875 0.07275390625
7 0.08037109375 0.503173828125 0.1552734375 0.16962890625
5 0.09501953125 0.41962890625 0.0828125 0.06484375
1 0.074609375 0.755126953125 0.0654296875 0.07900390625
