0 0.6517578125 0.740478515625 0.101171875 0.07666015625
0 0.705810546875 0.516845703125 0.04794921875 0.01689453125
7 0.76806640625 0.65341796875 0.2642578125 0.278515625
9 0.7577148437500001 0.531005859375 0.0677734375 0.02236328125
1 0.733349609375 0.551220703125 0.07177734375 0.03095703125
7 0.32724609375 0.701416015625 0.1650390625 0.15478515625
7 0.522119140625 0.6820312500000001 0.26787109375 0.2748046875
0 0.56435546875 0.553564453125 0.05390625 0.02880859375
0 0.53671875 0.5529296875 0.0529296875 0.04140625
7 0.21005859375 0.6702636718749999 0.2427734375 0.27060546875
