1 0.337060546875 0.674609375 0.34130859375 0.424609375
7 0.5491210937500001 0.29228515624999996 0.11953125 0.1388671875
1 0.516796875 0.221728515625 0.06328125 0.02548828125
7 0.390576171875 0.259326171875 0.24501953125 0.33271484375
7 0.25498046874999997 0.45966796875 0.080859375 0.1732421875
5 0.59697265625 0.267333984375 0.0357421875 0.03798828125
5 0.5908203125 0.292529296875 0.0228515625 0.05654296875
7 0.5240234375 0.320263671875 0.117578125 0.15771484375
6 0.7591796875 0.29443359375 0.137890625 0.180859375
7 0.689208984375 0.378759765625 0.11904296875 0.15439453125
6 0.74072265625 0.56630859375 0.1232421875 0.2470703125
5 0.733056640625 0.8696777343750001 0.06474609375 0.10712890625
0 0.54404296875 0.8696777343750001 0.070703125 0.06611328125
1 0.25078125 0.695263671875 0.1220703125 0.07900390625
1 0.403955078125 0.6742675781249999 0.03369140625 0.04892578125
1 0.321923828125 0.581689453125 0.26142578125 0.27509765625
1 0.322265625 0.515869140625 0.2556640625 0.27177734375
1 0.2876953125 0.5892578125 0.090234375 0.04296875
1 0.301123046875 0.49521484375 0.14287109375 0.194140625
1 0.37153320312500004 0.49863281249999997 0.07685546875 0.234765625
1 0.402197265625 0.50048828125 0.07861328125 0.24375
1 0.41484375 0.63955078125 0.050390625 0.0701171875
1 0.4107421875 0.699267578125 0.0625 0.02939453125
1 0.310302734375 0.7082031249999999 0.09521484375 0.038671875
6 0.62490234375 0.833154296875 0.1828125 0.18486328125
7 0.527783203125 0.4517578125 0.15673828125 0.1951171875
6 0.6814453125 0.70517578125 0.15703125 0.189453125
7 0.6193359375 0.605712890625 0.262890625 0.35087890625
