1 0.38564453125 0.336328125 0.25 0.424609375
1 0.39912109375 0.5732421875 0.2611328125 0.7404296875
1 0.42568359375 0.5248046875000001 0.205078125 0.57734375
1 0.436767578125 0.511279296875 0.16318359375 0.48212890625
1 0.43515624999999997 0.516259765625 0.164453125 0.50927734375
1 0.57451171875 0.536865234375 0.2626953125 0.53271484375
1 0.6203125 0.23208007812499998 0.1279296875 0.10048828125
1 0.608203125 0.30341796875000004 0.1490234375 0.194140625
1 0.6055664062499999 0.309814453125 0.14609375 0.16728515625
1 0.589111328125 0.34091796875 0.14951171875 0.118359375
1 0.51259765625 0.39833984375 0.0654296875 0.2357421875
1 0.526904296875 0.481103515625 0.02353515625 0.07998046875
1 0.544970703125 0.46259765625000004 0.03642578125 0.135546875
1 0.576513671875 0.458544921875 0.03349609375 0.15048828125
1 0.549072265625 0.509423828125 0.01884765625 0.04130859375
1 0.6237304687499999 0.475048828125 0.112109375 0.17490234375
1 0.6508300781249999 0.48232421875000003 0.03623046875 0.1173828125
1 0.6175781250000001 0.50673828125 0.058984375 0.0935546875
1 0.628173828125 0.430078125 0.06943359375 0.060546875
2 0.6015625 0.47373046875 0.048828125 0.051953125
