5 0.04052734375 0.493212890625 0.0810546875 0.17958984375
1 0.79765625 0.600341796875 0.3630859375 0.66572265625
1 0.357080078125 0.586669921875 0.59619140625 0.82607421875
7 0.41689453125 0.409375 0.8337890625 0.81875
2 0.671337890625 0.455712890625 0.18154296875 0.24931640625
5 0.816455078125 0.44912109375 0.33330078125 0.4041015625
7 0.591943359375 0.53916015625 0.08427734375 0.2013671875
5 0.231298828125 0.20107421875 0.23486328125 0.123046875
5 0.262646484375 0.42363281249999996 0.34619140625 0.409375
5 0.50419921875 0.465673828125 0.1607421875 0.39091796875
