1 0.740087890625 0.550634765625 0.50693359375 0.65146484375
1 0.931591796875 0.8053710937499999 0.11806640625 0.2046875
1 0.846484375 0.903466796875 0.1552734375 0.19248046875
1 0.7387207031249999 0.285693359375 0.28447265625 0.20830078125
7 0.49946289062500004 0.564599609375 0.20537109375 0.39580078125
1 0.716796875 0.673291015625 0.3041015625 0.38427734375
7 0.347509765625 0.73330078125 0.27333984375 0.38984375
7 0.18515625 0.5055175781250001 0.3703125 0.64521484375
5 0.03037109375 0.903125 0.0607421875 0.1931640625
7 0.167822265625 0.877001953125 0.28896484375 0.24541015625
