1 0.967724609375 0.0365234375 0.06396484375 0.073046875
1 0.942919921875 0.173828125 0.11357421875 0.069140625
1 0.9734375 0.32470703125 0.0525390625 0.066796875
1 0.946630859375 0.22836914062500002 0.10615234375 0.17958984375
1 0.774658203125 0.269140625 0.28740234375 0.260546875
1 0.326611328125 0.28422851562499996 0.32783203125 0.38857421875
1 0.34575195312499996 0.284375 0.23310546875 0.1216796875
0 0.35268554687500003 0.32197265625 0.04462890625 0.0248046875
1 0.2826171875 0.330859375 0.0478515625 0.0234375
3 0.28505859375 0.51025390625 0.0642578125 0.101171875
1 0.530224609375 0.73681640625 0.50498046875 0.381640625
1 0.50908203125 0.651025390625 0.5166015625 0.59560546875
1 0.476220703125 0.611328125 0.34326171875 0.3912109375
1 0.53828125 0.553564453125 0.2546875 0.33466796875
1 0.44892578125 0.57802734375 0.273828125 0.3015625
7 0.791552734375 0.70927734375 0.02060546875 0.04296875
