7 0.2671875 0.45625000000000004 0.489453125 0.60078125
6 0.2712890625 0.343505859375 0.1556640625 0.03115234375
6 0.283251953125 0.341357421875 0.05048828125 0.02236328125
1 0.447265625 0.9603027343749999 0.334375 0.07919921875
6 0.215234375 0.38251953125000004 0.0662109375 0.0724609375
1 0.8738281250000001 0.925244140625 0.2521484375 0.14931640625
1 0.8733886718749999 0.951025390625 0.08896484375 0.05400390625
1 0.91376953125 0.91806640625 0.172265625 0.108203125
0 0.8494140625000001 0.48691406249999997 0.3009765625 0.575
1 0.923388671875 0.28281249999999997 0.05419921875 0.0349609375
1 0.96240234375 0.257421875 0.0744140625 0.0673828125
1 0.969189453125 0.2640625 0.06142578125 0.070703125
6 0.304345703125 0.38437499999999997 0.12314453125 0.0623046875
6 0.2400390625 0.3955078125 0.07421875 0.0515625
1 0.579345703125 0.62109375 0.21826171875 0.2107421875
1 0.57353515625 0.5918945312499999 0.116015625 0.0318359375
1 0.434912109375 0.9666015625000001 0.22490234375 0.066796875
