7 0.351220703125 0.197265625 0.11162109375 0.276171875
7 0.450634765625 0.368408203125 0.09326171875 0.15146484375
7 0.44145507812499996 0.24423828125 0.17802734375 0.137890625
7 0.35498046875 0.533203125 0.210546875 0.469921875
7 0.26416015625 0.6833984375 0.2216796875 0.41171875
7 0.744287109375 0.508447265625 0.18896484375 0.35810546875
0 0.7519042968749999 0.332470703125 0.08212890625 0.08427734375
7 0.6297851562500001 0.646044921875 0.1673828125 0.25830078125
7 0.558203125 0.43017578125 0.206640625 0.2572265625
7 0.48212890625 0.7017578125 0.15078125 0.4484375
0 0.436474609375 0.52041015625 0.05458984375 0.0552734375
