1 0.526025390625 0.636962890625 0.46923828125 0.50068359375
1 0.523681640625 0.206494140625 0.32568359375 0.41298828125
1 0.578466796875 0.35268554687500003 0.26416015625 0.10419921875
1 0.5197265625 0.344775390625 0.06328125 0.04267578125
1 0.520751953125 0.337841796875 0.04736328125 0.04794921875
1 0.637548828125 0.289697265625 0.12080078125 0.12099609375
1 0.548388671875 0.59375 0.34228515625 0.362109375
1 0.67041015625 0.397509765625 0.049609375 0.04169921875
1 0.47216796875 0.49970703125 0.3466796875 0.3763671875
1 0.577001953125 0.510693359375 0.28447265625 0.29130859375
1 0.46298828125 0.53408203125 0.2013671875 0.222265625
5 0.510205078125 0.106494140625 0.08232421875 0.05224609375
