5 0.5384765625 0.399169921875 0.0439453125 0.03740234375
7 0.768017578125 0.2638671875 0.33369140625 0.3869140625
6 0.63955078125 0.4271484375 0.1931640625 0.2244140625
0 0.7253906250000001 0.5015625 0.0724609375 0.0607421875
7 0.7208984375 0.4576171875 0.0654296875 0.06796875
7 0.7261718749999999 0.42578125 0.0787109375 0.0525390625
7 0.100048828125 0.584228515625 0.14052734375 0.11435546875
5 0.3607421875 0.253369140625 0.066796875 0.06669921875
1 0.36611328125000003 0.258935546875 0.0548828125 0.03623046875
1 0.15126953125 0.560009765625 0.112109375 0.14033203125
1 0.218115234375 0.54794921875 0.15771484375 0.15546875
7 0.356591796875 0.599658203125 0.17822265625 0.16220703125
1 0.33251953125 0.736572265625 0.077734375 0.11357421875
7 0.544287109375 0.746923828125 0.41669921875 0.43779296875
0 0.35498046875 0.2095703125 0.0095703125 0.04765625
0 0.6972167968749999 0.432666015625 0.06845703125 0.21201171875
