6 0.348193359375 0.42680664062499996 0.03369140625 0.08330078125
1 0.6172363281250001 0.2126953125 0.20009765625 0.138671875
1 0.611279296875 0.20537109375 0.12861328125 0.15078125
7 0.44921875 0.172998046875 0.19609375 0.13662109375
0 0.3708984375 0.152734375 0.038671875 0.049609375
6 0.54462890625 0.3767578125 0.3783203125 0.310546875
3 0.24375000000000002 0.534326171875 0.222265625 0.19619140625
7 0.522314453125 0.653662109375 0.47587890625 0.40107421875
7 0.18037109375 0.7936035156250001 0.336328125 0.38388671875
5 0.238916015625 0.9457031250000001 0.12529296875 0.058984375
5 0.574072265625 0.39765625000000004 0.16669921875 0.0587890625
3 0.332861328125 0.6681640625 0.11279296875 0.0873046875
5 0.27431640625 0.76240234375 0.1392578125 0.21328125
5 0.203173828125 0.737841796875 0.21923828125 0.27080078125
5 0.17060546875 0.861279296875 0.1078125 0.10146484375
5 0.238720703125 0.79443359375 0.07998046875 0.0744140625
5 0.2251953125 0.911328125 0.0720703125 0.076171875
5 0.285595703125 0.918115234375 0.05126953125 0.03720703125
5 0.2728515625 0.89228515625 0.0515625 0.0458984375
2 0.06962890625 0.7897460937499999 0.112109375 0.1490234375
