1 0.961474609375 0.50048828125 0.07666015625 0.2470703125
1 0.811083984375 0.48671875000000003 0.31865234375 0.351171875
1 0.2154296875 0.43369140625 0.390625 0.4189453125
6 0.5302734375 0.42622070312500004 0.257421875 0.43779296875
1 0.89580078125 0.211865234375 0.2078125 0.29072265625
3 0.879443359375 0.154931640625 0.11455078125 0.08232421875
1 0.978759765625 0.26162109375 0.04189453125 0.1693359375
1 0.97763671875 0.36474609375 0.044140625 0.1349609375
0 0.88046875 0.414453125 0.0873046875 0.0439453125
7 0.8239257812499999 0.32802734375000003 0.0515625 0.0171875
0 0.811083984375 0.4265625 0.30576171875 0.15078125
5 0.86884765625 0.4568359375 0.1369140625 0.1392578125
0 0.924462890625 0.429443359375 0.09404296875 0.10087890625
0 0.777685546875 0.47255859375 0.02509765625 0.0310546875
0 0.7904296875 0.431201171875 0.0763671875 0.11181640625
5 0.88623046875 0.48906249999999996 0.0984375 0.0701171875
5 0.8237792968750001 0.49052734375 0.04091796875 0.0267578125
