1 0.6479980468750001 0.7848144531250001 0.12001953125 0.13662109375
1 0.675146484375 0.781103515625 0.03408203125 0.06025390625
7 0.73193359375 0.638427734375 0.03203125 0.03916015625
7 0.443798828125 0.8802734375 0.06083984375 0.0498046875
0 0.539697265625 0.57041015625 0.44970703125 0.351171875
7 0.52548828125 0.49560546875 0.45703125 0.2546875
5 0.289892578125 0.69482421875 0.30458984375 0.2169921875
5 0.29013671875 0.7001953125 0.2681640625 0.17265625
7 0.249951171875 0.67783203125 0.27314453125 0.1572265625
5 0.33481445312499997 0.6892578125 0.11806640625 0.0818359375
