1 0.155224609375 0.29658203125 0.20927734375 0.0873046875
1 0.41103515625 0.504833984375 0.8220703125 0.47392578125
1 0.804541015625 0.344384765625 0.37958984375 0.41298828125
1 0.769970703125 0.5994140625 0.31318359375 0.3650390625
5 0.8046875 0.4298828125 0.0611328125 0.0423828125
1 0.5615722656250001 0.67578125 0.10322265625 0.144140625
1 0.94892578125 0.6686523437499999 0.1015625 0.23515625
2 0.821875 0.6091796875 0.2390625 0.1423828125
2 0.79072265625 0.644287109375 0.2685546875 0.18349609375
2 0.703857421875 0.6892578125 0.30791015625 0.16171875
