0 0.813525390625 0.807373046875 0.05224609375 0.05380859375
7 0.675439453125 0.4099609375 0.63662109375 0.3466796875
1 0.162548828125 0.376904296875 0.21259765625 0.10791015625
2 0.7318359375 0.825830078125 0.1044921875 0.10810546875
1 0.4837890625 0.373486328125 0.402734375 0.42158203125
1 0.215087890625 0.4955078125 0.11142578125 0.1423828125
1 0.27099609375 0.49384765625 0.1703125 0.13046875
1 0.31035156249999996 0.2490234375 0.5056640625 0.2544921875
1 0.351171875 0.42182617187500004 0.3068359375 0.20927734375
7 0.7354003906250001 0.33935546875 0.16201171875 0.0908203125
7 0.780615234375 0.6185546875000001 0.43818359375 0.5451171875
7 0.57158203125 0.76015625 0.2728515625 0.2841796875
