1 0.5240234375 0.48212890625 0.4494140625 0.277734375
1 0.316162109375 0.507666015625 0.09853515625 0.14384765625
1 0.25327148437499997 0.369970703125 0.12431640625 0.12626953125
1 0.376513671875 0.51005859375 0.24111328125 0.2626953125
1 0.24169921875 0.2455078125 0.256640625 0.2361328125
1 0.45488281249999996 0.30937499999999996 0.530078125 0.341015625
1 0.24619140625 0.22939453125 0.1775390625 0.2177734375
1 0.7583984375 0.47109375 0.1193359375 0.1599609375
1 0.4697265625 0.7845214843749999 0.5896484375 0.43056640625
0 0.791015625 0.7612792968750001 0.0767578125 0.05634765625
0 0.46953125 0.322998046875 0.04296875 0.03994140625
2 0.556494140625 0.294677734375 0.06611328125 0.03623046875
