7 0.703857421875 0.614111328125 0.40439453125 0.32587890625
0 0.47749023437500004 0.36738281250000004 0.42060546875 0.304296875
7 0.336181640625 0.594775390625 0.38193359375 0.30361328125
6 0.23261718750000002 0.486376953125 0.0935546875 0.06005859375
0 0.2091796875 0.490185546875 0.021484375 0.04091796875
0 0.410888671875 0.422802734375 0.10283203125 0.07568359375
1 0.5076171875 0.383251953125 0.09453125 0.10966796875
1 0.4912109375 0.3673828125 0.1015625 0.10390625
1 0.449609375 0.273388671875 0.030078125 0.03544921875
1 0.342822265625 0.32041015625 0.06650390625 0.0744140625
1 0.33037109375 0.3546875 0.0390625 0.03671875
1 0.348486328125 0.304052734375 0.04560546875 0.06005859375
2 0.487890625 0.270849609375 0.0849609375 0.05654296875
2 0.459814453125 0.33920898437499997 0.14580078125 0.13271484375
1 0.367822265625 0.36591796875000004 0.16298828125 0.18828125
7 0.48642578124999997 0.718505859375 0.1283203125 0.13544921875
7 0.36357421875 0.7536132812499999 0.1498046875 0.1287109375
