7 0.282275390625 0.300439453125 0.10947265625 0.25517578125
1 0.58466796875 0.23203125 0.4060546875 0.18828125
1 0.592236328125 0.309423828125 0.34990234375 0.14111328125
1 0.6278320312500001 0.402099609375 0.37265625 0.25615234375
0 0.623876953125 0.35874023437499997 0.33701171875 0.06474609375
1 0.60595703125 0.4818359375 0.331640625 0.13984375
0 0.666650390625 0.54150390625 0.09990234375 0.017578125
1 0.44687499999999997 0.7400390625000001 0.6140625 0.3888671875
5 0.4541015625 0.839306640625 0.222265625 0.09619140625
5 0.38544921875 0.811572265625 0.1927734375 0.08056640625
0 0.396484375 0.8274414062500001 0.036328125 0.043359375
0 0.430078125 0.7537109375 0.137890625 0.1591796875
0 0.55556640625 0.70615234375 0.1349609375 0.154296875
0 0.46279296875000003 0.616064453125 0.09296875 0.05654296875
0 0.7201171875 0.6690917968750001 0.0724609375 0.21376953125
