5 0.51513671875 0.28500976562499997 0.06796875 0.10380859375
7 0.548828125 0.39287109375 0.049609375 0.1302734375
1 0.686669921875 0.5789062500000001 0.15400390625 0.1888671875
1 0.61767578125 0.637890625 0.1203125 0.06484375
1 0.620947265625 0.533935546875 0.22548828125 0.15380859375
7 0.53251953125 0.577099609375 0.0396484375 0.06416015625
1 0.4875 0.481005859375 0.04140625 0.06318359375
5 0.503857421875 0.433154296875 0.04638671875 0.10908203125
5 0.52421875 0.354345703125 0.046875 0.11279296875
0 0.537158203125 0.4556640625 0.02080078125 0.29296875
1 0.701904296875 0.39521484375000004 0.11455078125 0.2791015625
7 0.49541015625 0.5818359375 0.070703125 0.2166015625
1 0.684765625 0.517822265625 0.0625 0.11572265625
5 0.48544921875 0.330712890625 0.0478515625 0.09130859375
7 0.601220703125 0.52548828125 0.12998046875 0.1150390625
1 0.651904296875 0.4646484375 0.11533203125 0.066796875
5 0.565087890625 0.465625 0.07958984375 0.07734375
5 0.70400390625 0.39584960937499997 0.0458984375 0.10380859375
1 0.6201171875 0.35585937500000003 0.1470703125 0.18125
1 0.5963378906250001 0.27099609375 0.10537109375 0.1650390625
1 0.5888671875 0.716796875 0.0662109375 0.0763671875
1 0.62822265625 0.740234375 0.0708984375 0.060546875
1 0.657958984375 0.674755859375 0.10712890625 0.09619140625
0 0.5691894531249999 0.671826171875 0.10166015625 0.14716796875
1 0.504345703125 0.52763671875 0.04287109375 0.034765625
0 0.506298828125 0.547998046875 0.03447265625 0.05888671875
7 0.342529296875 0.599609375 0.27177734375 0.463671875
7 0.339697265625 0.40839843750000004 0.04541015625 0.0568359375
1 0.701611328125 0.300390625 0.11904296875 0.1345703125
