0 0.47958984375 0.5 0.921484375 0.9994140625
5 0.41201171875 0.7886230468750001 0.138671875 0.20283203125
5 0.5518066406250001 0.35698242187499996 0.21376953125 0.28505859375
1 0.6345703125 0.69501953125 0.2712890625 0.298046875
1 0.73974609375 0.593017578125 0.074609375 0.17333984375
1 0.39472656250000004 0.41591796875 0.1462890625 0.1796875
1 0.40742187500000004 0.548046875 0.1837890625 0.215234375
1 0.495751953125 0.749853515625 0.06533203125 0.16982421875
1 0.598681640625 0.5609375 0.22333984375 0.2873046875
1 0.479541015625 0.594580078125 0.22158203125 0.21240234375
