0 0.681884765625 0.812646484375 0.09970703125 0.04423828125
0 0.83984375 0.55078125 0.3201171875 0.8982421875
7 0.49980468749999996 0.45439453125 0.5876953125 0.7287109375
6 0.49692382812499997 0.4416015625 0.11708984375 0.0365234375
6 0.538232421875 0.39951171875 0.18544921875 0.095703125
6 0.59658203125 0.38271484375 0.1896484375 0.086328125
6 0.629345703125 0.3048828125 0.30869140625 0.1849609375
6 0.35175781250000004 0.28510742187500004 0.3404296875 0.25908203125
6 0.6836914062499999 0.17998046875 0.304296875 0.208203125
1 0.8 0.900341796875 0.0634765625 0.07392578125
