6 0.58544921875 0.4453125 0.0890625 0.086328125
6 0.523779296875 0.473583984375 0.08583984375 0.04697265625
6 0.451123046875 0.42192382812499996 0.18251953125 0.12236328125
6 0.524169921875 0.3837890625 0.22939453125 0.13984375
6 0.494677734375 0.278466796875 0.29189453125 0.23349609375
6 0.519287109375 0.127783203125 0.15224609375 0.21923828125
6 0.4802734375 0.148193359375 0.1708984375 0.17529296875
7 0.300732421875 0.700927734375 0.37373046875 0.59755859375
7 0.653515625 0.7189453125 0.4275390625 0.5615234375
5 0.4701171875 0.8305175781249999 0.0349609375 0.06650390625
5 0.50732421875 0.90537109375 0.105859375 0.109765625
5 0.6053710937500001 0.90263671875 0.1830078125 0.1240234375
5 0.536181640625 0.81796875 0.05107421875 0.0896484375
0 0.534716796875 0.9244628906250001 0.16865234375 0.07900390625
5 0.5828125 0.821875 0.0927734375 0.1484375
5 0.7630859375 0.81494140625 0.0763671875 0.0935546875
5 0.6666503906250001 0.804296875 0.14833984375 0.0853515625
5 0.6487792968749999 0.693115234375 0.07138671875 0.14091796875
5 0.71494140625 0.858154296875 0.096484375 0.03173828125
5 0.806396484375 0.7589355468750001 0.09052734375 0.13955078125
5 0.755322265625 0.6818359375 0.08759765625 0.200390625
5 0.4927734375 0.80537109375 0.0634765625 0.098828125
