5 0.72568359375 0.226806640625 0.1974609375 0.30478515625
1 0.54033203125 0.4794921875 0.3716796875 0.298828125
1 0.4330078125 0.46552734375 0.2146484375 0.0947265625
1 0.35546875 0.347998046875 0.1607421875 0.16220703125
1 0.521337890625 0.372900390625 0.27548828125 0.20458984375
7 0.32060546874999996 0.736376953125 0.46328125 0.36552734375
3 0.356201171875 0.547998046875 0.04501953125 0.01806640625
3 0.76552734375 0.136767578125 0.0978515625 0.01611328125
3 0.722412109375 0.17099609375000002 0.10087890625 0.0220703125
3 0.775 0.24716796875 0.0658203125 0.012109375
3 0.764013671875 0.26352539062499997 0.05126953125 0.00966796875
3 0.747705078125 0.282373046875 0.04365234375 0.00869140625
3 0.72900390625 0.304296875 0.0353515625 0.007421875
