7 0.28583984375 0.40478515625 0.254296875 0.3978515625
6 0.3208984375 0.8721679687499999 0.1412109375 0.112890625
1 0.520849609375 0.8351562499999999 0.31611328125 0.1619140625
5 0.58466796875 0.770166015625 0.109765625 0.06865234375
5 0.796142578125 0.77021484375 0.13388671875 0.1048828125
4 0.6875 0.6896484374999999 0.0515625 0.0330078125
2 0.7087890625 0.77197265625 0.2185546875 0.1689453125
7 0.381396484375 0.720068359375 0.47783203125 0.21650390625
1 0.52763671875 0.603662109375 0.3984375 0.23017578125
6 0.55126953125 0.331787109375 0.398828125 0.32138671875
1 0.6359375 0.516357421875 0.1640625 0.11162109375
2 0.53916015625 0.559814453125 0.2060546875 0.11708984375
5 0.536865234375 0.55673828125 0.11337890625 0.0439453125
7 0.52861328125 0.566015625 0.1240234375 0.0412109375
1 0.49423828125 0.5862304687500001 0.180859375 0.070703125
1 0.46791992187500003 0.607958984375 0.17392578125 0.07958984375
5 0.512548828125 0.922998046875 0.11044921875 0.08759765625
0 0.5776855468750001 0.3359375 0.11708984375 0.3052734375
