1 0.07333984375 0.194384765625 0.0994140625 0.10400390625
1 0.0634765625 0.332080078125 0.126953125 0.18271484375
1 0.16962890625 0.5947265625 0.0248046875 0.1521484375
1 0.50390625 0.6003906250000001 0.064453125 0.0890625
1 0.37363281249999997 0.29814453125 0.502734375 0.5962890625
1 0.0642578125 0.563427734375 0.128515625 0.27998046875
1 0.4998046875 0.81318359375 0.999609375 0.37265625
0 0.448193359375 0.850927734375 0.89638671875 0.23916015625
0 0.050830078125 0.46811523437499997 0.10166015625 0.09365234375
0 0.22343749999999998 0.066552734375 0.0345703125 0.09677734375
7 0.12827148437500002 0.507763671875 0.08193359375 0.32919921875
5 0.3341796875 0.4751953125 0.3392578125 0.9234375
5 0.628173828125 0.485986328125 0.20966796875 0.72255859375
