9 0.058544921875 0.305224609375 0.11708984375 0.12724609375
9 0.0841796875 0.392724609375 0.168359375 0.20068359375
2 0.643212890625 0.320654296875 0.19443359375 0.16767578125
5 0.64404296875 0.214208984375 0.23046875 0.11884765625
2 0.48002929687499996 0.32021484375 0.14912109375 0.205859375
7 0.459814453125 0.169140625 0.10810546875 0.11015625
7 0.46821289062500004 0.22890625 0.14287109375 0.1140625
7 0.895361328125 0.395751953125 0.20869140625 0.50771484375
5 0.225 0.279150390625 0.37265625 0.55830078125
2 0.48642578125 0.5337890625 0.2599609375 0.2427734375
