7 0.15708007812500002 0.47236328125 0.02841796875 0.0240234375
5 0.6812499999999999 0.93642578125 0.183203125 0.1138671875
7 0.049951171875 0.9279296875 0.09990234375 0.1435546875
7 0.40859375 0.958251953125 0.6888671875 0.08310546875
7 0.22021484375 0.79375 0.4404296875 0.4119140625
7 0.069921875 0.808642578125 0.13984375 0.14462890625
0 0.543505859375 0.161083984375 0.91240234375 0.32216796875
7 0.2919921875 0.221142578125 0.226171875 0.13916015625
7 0.176611328125 0.3693359375 0.35322265625 0.2251953125
1 0.19775390625 0.697607421875 0.3955078125 0.49482421875
0 0.671142578125 0.539453125 0.07509765625 0.13984375
5 0.5109375 0.6422363281250001 0.6970703125 0.61337890625
2 0.526806640625 0.439599609375 0.48876953125 0.36884765625
7 0.50859375 0.393359375 0.34453125 0.194921875
7 0.58779296875 0.244677734375 0.4904296875 0.48935546875
