1 0.161328125 0.294091796875 0.1158203125 0.09951171875
0 0.32744140625 0.75908203125 0.185546875 0.2986328125
0 0.118408203125 0.36767578125 0.15400390625 0.1064453125
5 0.27666015625 0.44541015624999997 0.19765625 0.15078125
0 0.8265625 0.615625 0.2140625 0.2748046875
3 0.8382812500000001 0.544091796875 0.211328125 0.28271484375
0 0.91279296875 0.720361328125 0.173828125 0.30126953125
0 0.9865234375 0.9156738281250001 0.0265625 0.10048828125
1 0.623779296875 0.7046875 0.25400390625 0.3234375
5 0.362158203125 0.3623046875 0.31650390625 0.2681640625
5 0.26142578125 0.605322265625 0.4275390625 0.23115234375
1 0.3837890625 0.8564453125 0.0826171875 0.2228515625
