0 0.216943359375 0.54873046875 0.04228515625 0.0330078125
5 0.302392578125 0.485986328125 0.17958984375 0.13818359375
0 0.306884765625 0.47412109375 0.14951171875 0.101953125
1 0.28984375 0.49033203125 0.1087890625 0.066015625
5 0.322021484375 0.539208984375 0.10908203125 0.07783203125
5 0.23027343749999998 0.5845703125 0.13984375 0.0515625
5 0.6619140625000001 0.47709960937499996 0.211328125 0.09697265625
0 0.56015625 0.452880859375 0.1693359375 0.08037109375
1 0.68505859375 0.48383789062500004 0.09296875 0.07783203125
5 0.341259765625 0.602392578125 0.13818359375 0.07685546875
3 0.43173828125 0.649169921875 0.081640625 0.05927734375
5 0.53359375 0.736083984375 0.1326171875 0.12255859375
