7 0.525439453125 0.5535644531249999 0.09521484375 0.09970703125
7 0.129150390625 0.7175781250000001 0.25830078125 0.1662109375
9 0.146533203125 0.601806640625 0.20302734375 0.15205078125
6 0.276904296875 0.571923828125 0.23642578125 0.14287109375
7 0.311181640625 0.6681640624999999 0.23740234375 0.143359375
5 0.473876953125 0.691943359375 0.12099609375 0.13291015625
5 0.021337890625 0.70517578125 0.04267578125 0.0994140625
7 0.39736328125000003 0.78896484375 0.2642578125 0.220703125
7 0.053076171875 0.973388671875 0.10615234375 0.05283203125
7 0.33447265625 0.940380859375 0.40703125 0.11884765625
1 0.53525390625 0.46767578125 0.10546875 0.0955078125
9 0.46416015625 0.40317382812499997 0.0638671875 0.06923828125
7 0.4548828125 0.5729003906250001 0.0849609375 0.11611328125
