1 0.8698242187499999 0.245654296875 0.2595703125 0.12626953125
7 0.5556152343749999 0.596826171875 0.09990234375 0.15751953125
5 0.98447265625 0.4791015625 0.03046875 0.0751953125
5 0.94892578125 0.511865234375 0.1015625 0.14033203125
5 0.867919921875 0.46171875 0.21201171875 0.101953125
1 0.023974609375 0.477099609375 0.04794921875 0.07568359375
7 0.170947265625 0.423876953125 0.27314453125 0.34130859375
7 0.496923828125 0.320556640625 0.46201171875 0.43076171875
7 0.326611328125 0.609912109375 0.42431640625 0.44794921875
7 0.77978515625 0.632763671875 0.3822265625 0.42978515625
5 0.64794921875 0.48681640625 0.07109375 0.0505859375
7 0.8086425781250001 0.5142578125 0.12001953125 0.1158203125
0 0.68994140625 0.5020019531250001 0.07109375 0.02626953125
7 0.858837890625 0.547265625 0.07275390625 0.0771484375
7 0.897705078125 0.550146484375 0.03408203125 0.07294921875
