0 0.10048828125 0.711181640625 0.0958984375 0.08603515625
0 0.111474609375 0.7733398437500001 0.14482421875 0.1498046875
1 0.600634765625 0.513525390625 0.28271484375 0.18427734375
7 0.10283203125 0.777392578125 0.088671875 0.13818359375
2 0.51162109375 0.582861328125 0.0681640625 0.05107421875
5 0.526318359375 0.611181640625 0.07177734375 0.04833984375
1 0.5972656249999999 0.376806640625 0.2962890625 0.21748046875
1 0.56923828125 0.44228515625000003 0.189453125 0.0919921875
7 0.246044921875 0.6905761718750001 0.22822265625 0.19619140625
0 0.10595703125 0.794140625 0.064453125 0.0927734375
6 0.22373046875000002 0.72109375 0.163671875 0.096484375
0 0.653955078125 0.5340820312500001 0.02216796875 0.04140625
0 0.6536132812500001 0.5580078125 0.0267578125 0.0431640625
