7 0.6919921875 0.647119140625 0.1111328125 0.23212890625
7 0.678173828125 0.5887695312500001 0.06220703125 0.043359375
1 0.574169921875 0.344775390625 0.21728515625 0.29794921875
7 0.44882812499999997 0.743408203125 0.53203125 0.51259765625
7 0.5455078125 0.25444335937499996 0.168359375 0.19013671875
7 0.20620117187499998 0.288330078125 0.29091796875 0.36376953125
1 0.116455078125 0.27080078125 0.06123046875 0.1541015625
1 0.31748046875 0.343212890625 0.310546875 0.52177734375
0 0.4314453125 0.143017578125 0.0607421875 0.05791015625
1 0.604150390625 0.18403320312500002 0.04560546875 0.02744140625
0 0.414990234375 0.33515625 0.02880859375 0.1802734375
