7 0.06572265625 0.567626953125 0.1314453125 0.27744140625
7 0.229296875 0.413232421875 0.2076171875 0.41103515625
7 0.16591796875 0.6404296875 0.1533203125 0.3158203125
7 0.542431640625 0.569970703125 0.33583984375 0.41103515625
5 0.31611328125000004 0.47392578125 0.1931640625 0.1263671875
5 0.44072265625 0.51025390625 0.064453125 0.183203125
5 0.38393554687500003 0.4912109375 0.06748046875 0.0935546875
7 0.810400390625 0.526123046875 0.23037109375 0.19970703125
5 0.8365234374999999 0.24086914062499998 0.0357421875 0.01748046875
5 0.8415039062499999 0.2552734375 0.034765625 0.0271484375
5 0.781494140625 0.356298828125 0.03818359375 0.06650390625
5 0.803466796875 0.292333984375 0.05927734375 0.09189453125
7 0.63466796875 0.31196289062500004 0.3705078125 0.27744140625
5 0.849462890625 0.76455078125 0.19697265625 0.0978515625
5 0.678076171875 0.53720703125 0.17060546875 0.2185546875
7 0.677099609375 0.7294433593749999 0.18349609375 0.29228515625
5 0.59521484375 0.5634765625 0.1671875 0.2599609375
5 0.474853515625 0.36162109375 0.15009765625 0.3720703125
7 0.8714843750000001 0.397509765625 0.2564453125 0.29892578125
5 0.905712890625 0.420751953125 0.12001953125 0.07373046875
5 0.8938476562500001 0.37021484374999997 0.121484375 0.11015625
0 0.9890625 0.396337890625 0.0212890625 0.05322265625
7 0.352099609375 0.6995605468749999 0.20908203125 0.35947265625
