7 0.8375976562499999 0.95986328125 0.268359375 0.0796875
7 0.5265625 0.9574707031249999 0.091796875 0.08427734375
7 0.946337890625 0.65 0.10693359375 0.0314453125
7 0.939208984375 0.6190429687500001 0.12099609375 0.06484375
7 0.27490234375 0.460205078125 0.3529296875 0.41572265625
7 0.723681640625 0.507080078125 0.48017578125 0.34091796875
7 0.586865234375 0.8908203124999999 0.30458984375 0.217578125
7 0.7341796875 0.86376953125 0.1220703125 0.16796875
7 0.8231933593749999 0.87119140625 0.19150390625 0.185546875
1 0.43974609375 0.89189453125 0.1205078125 0.215625
