7 0.770263671875 0.19052734375 0.14658203125 0.31484375
7 0.7021484375 0.2974609375 0.211328125 0.163671875
7 0.90087890625 0.373974609375 0.19765625 0.21298828125
7 0.5916015625 0.33017578125 0.0845703125 0.1306640625
7 0.72158203125 0.4138671875 0.2537109375 0.2509765625
7 0.49541015625 0.39619140625000004 0.210546875 0.2810546875
7 0.1875 0.691455078125 0.375 0.46826171875
7 0.056298828125 0.7948242187500001 0.11259765625 0.409765625
1 0.31669921875 0.490380859375 0.0908203125 0.19775390625
4 0.70322265625 0.9146972656250001 0.03046875 0.07802734375
1 0.682421875 0.6079589843750001 0.2427734375 0.24306640625
7 0.49833984375 0.722998046875 0.3916015625 0.55322265625
5 0.8236816406249999 0.28623046875 0.04716796875 0.0333984375
