7 0.40810546875000003 0.506201171875 0.11640625 0.11708984375
7 0.490771484375 0.488232421875 0.06748046875 0.08701171875
7 0.450537109375 0.576123046875 0.16962890625 0.09619140625
7 0.2681640625 0.424169921875 0.27578125 0.20556640625
1 0.10068359375 0.52939453125 0.159765625 0.1267578125
0 0.087451171875 0.5763671875 0.17490234375 0.2896484375
5 0.074072265625 0.7257324218750001 0.14814453125 0.11708984375
1 0.192431640625 0.689697265625 0.11240234375 0.08232421875
7 0.28388671875 0.737646484375 0.2767578125 0.14287109375
0 0.111279296875 0.6958984374999999 0.22255859375 0.2251953125
7 0.120849609375 0.874658203125 0.24169921875 0.25029296875
5 0.2359375 0.858740234375 0.051953125 0.03447265625
0 0.30781250000000004 0.780712890625 0.21953125 0.10810546875
6 0.8199218749999999 0.6919921874999999 0.03671875 0.06796875
0 0.31708984375 0.707275390625 0.0615234375 0.03251953125
0 0.321240234375 0.7540039062499999 0.05322265625 0.0689453125
3 0.411865234375 0.7551757812500001 0.05986328125 0.044140625
5 0.4486328125 0.798388671875 0.0896484375 0.03369140625
5 0.4837890625 0.710693359375 0.088671875 0.06572265625
7 0.403759765625 0.6448730468749999 0.23544921875 0.12998046875
6 0.66962890625 0.770556640625 0.2896484375 0.17705078125
6 0.666650390625 0.65322265625 0.30224609375 0.189453125
1 0.830224609375 0.618310546875 0.04267578125 0.09326171875
6 0.7061523437499999 0.6054199218749999 0.2681640625 0.05302734375
6 0.6896484374999999 0.512060546875 0.3416015625 0.19072265625
6 0.7280761718750001 0.400146484375 0.37470703125 0.14013671875
6 0.739599609375 0.300390625 0.35419921875 0.0615234375
6 0.7334472656250001 0.200732421875 0.37568359375 0.18330078125
7 0.659619140625 0.31967773437499997 0.29072265625 0.08427734375
7 0.737939453125 0.7549316406250001 0.17294921875 0.07294921875
1 0.914990234375 0.6505859375 0.10712890625 0.0595703125
