1 0.21298828125000002 0.29643554687499996 0.019140625 0.06181640625
7 0.203125 0.33349609375 0.0248046875 0.069140625
0 0.170166015625 0.26289062500000004 0.06201171875 0.17265625
0 0.187841796875 0.23417968749999998 0.04931640625 0.0734375
0 0.09770507812500001 0.34438476562500003 0.14287109375 0.11142578125
1 0.141748046875 0.40937500000000004 0.13173828125 0.034375
7 0.148876953125 0.40771484375 0.07314453125 0.0529296875
1 0.16494140625 0.388720703125 0.04609375 0.04658203125
0 0.17280273437500002 0.32470703125 0.02177734375 0.126953125
7 0.26005859375 0.413671875 0.1083984375 0.20234375
7 0.968798828125 0.304541015625 0.06201171875 0.12900390625
1 0.9509765625000001 0.269287109375 0.03046875 0.04658203125
1 0.946240234375 0.26621093749999997 0.02333984375 0.0515625
1 0.9387695312500001 0.25014648437500003 0.023828125 0.06318359375
1 0.93310546875 0.24150390625 0.0283203125 0.0611328125
7 0.7423339843750001 0.16484375 0.11611328125 0.16171875
1 0.79912109375 0.213427734375 0.0908203125 0.07373046875
7 0.674951171875 0.2373046875 0.10791015625 0.0552734375
7 0.99296875 0.430908203125 0.013671875 0.12568359375
7 0.888916015625 0.277783203125 0.18798828125 0.14814453125
1 0.9837890625 0.56005859375 0.03203125 0.1326171875
7 0.914111328125 0.39199218750000003 0.17138671875 0.2046875
7 0.98125 0.541845703125 0.0369140625 0.14912109375
7 0.740087890625 0.32041015625 0.21923828125 0.1541015625
1 0.72744140625 0.39716796875 0.1279296875 0.0892578125
7 0.906884765625 0.51572265625 0.17333984375 0.24375
7 0.910888671875 0.540869140625 0.02607421875 0.17490234375
7 0.902197265625 0.5990234375 0.03154296875 0.0419921875
7 0.5940917968749999 0.201513671875 0.08310546875 0.10283203125
7 0.6204101562500001 0.497998046875 0.0900390625 0.11181640625
7 0.7775390625 0.5115722656249999 0.2619140625 0.26650390625
7 0.567626953125 0.30224609375 0.27255859375 0.4318359375
7 0.5131347656249999 0.38984375 0.07138671875 0.06015625
6 0.530029296875 0.46787109374999997 0.12255859375 0.109765625
7 0.39736328125 0.36455078124999996 0.18203125 0.3693359375
0 0.980078125 0.6936523437500001 0.039453125 0.0228515625
0 0.9564941406249999 0.7005371093749999 0.05185546875 0.02744140625
0 0.9044921875 0.6777832031250001 0.055078125 0.02021484375
0 0.769287109375 0.65625 0.06923828125 0.028125
