7 0.499853515625 0.499853515625 0.99970703125 0.99970703125
1 0.784716796875 0.900244140625 0.38623046875 0.17802734375
1 0.7625976562500001 0.89853515625 0.47421875 0.20234375
1 0.499853515625 0.499853515625 0.99970703125 0.99970703125
1 0.719580078125 0.35712890625 0.22353515625 0.1875
0 0.700390625 0.482080078125 0.15546875 0.07568359375
1 0.551611328125 0.51767578125 0.23212890625 0.2060546875
1 0.23178710937500002 0.3892578125 0.24736328125 0.1818359375
4 0.491552734375 0.441650390625 0.19541015625 0.15107421875
3 0.29873046875 0.504296875 0.2833984375 0.265625
5 0.377978515625 0.70068359375 0.41337890625 0.18203125
4 0.7373046875 0.609814453125 0.2013671875 0.24384765625
