1 0.6484375 0.317138671875 0.0166015625 0.05224609375
9 0.149169921875 0.87626953125 0.29833984375 0.2466796875
1 0.218310546875 0.509228515625 0.14951171875 0.22490234375
1 0.44150390625 0.22666015625000002 0.0669921875 0.0982421875
7 0.053662109375 0.202880859375 0.04287109375 0.05791015625
7 0.26601562500000003 0.05126953125 0.0900390625 0.1025390625
7 0.17324218749999998 0.25625 0.1177734375 0.1626953125
1 0.385400390625 0.384765625 0.02626953125 0.0314453125
7 0.2189453125 0.29814453125 0.183984375 0.23515625
1 0.31904296875000004 0.4080078125 0.1306640625 0.0978515625
1 0.394384765625 0.416015625 0.06298828125 0.097265625
1 0.339013671875 0.29697265625 0.17060546875 0.1884765625
1 0.5623046875 0.525927734375 0.16171875 0.25166015625
1 0.54287109375 0.48671875 0.1140625 0.1322265625
1 0.53486328125 0.307421875 0.21796875 0.228515625
0 0.50400390625 0.569482421875 0.0451171875 0.08994140625
7 0.46025390625 0.40957031250000003 0.1322265625 0.2251953125
7 0.365576171875 0.7056640624999999 0.29716796875 0.5033203125
1 0.446044921875 0.447412109375 0.09501953125 0.15673828125
7 0.414306640625 0.48828125 0.10341796875 0.0896484375
1 0.670849609375 0.8740234375 0.21923828125 0.2513671875
1 0.8292480468750001 0.893701171875 0.07021484375 0.08701171875
1 0.73603515625 0.8046875 0.2701171875 0.2185546875
1 0.6604980468749999 0.649462890625 0.19541015625 0.22880859375
7 0.409765625 0.527001953125 0.16171875 0.14716796875
1 0.577734375 0.491357421875 0.070703125 0.16005859375
1 0.05966796875 0.431982421875 0.1193359375 0.13388671875
1 0.794189453125 0.735986328125 0.02529296875 0.06845703125
7 0.727587890625 0.68447265625 0.11630859375 0.09453125
1 0.797216796875 0.606787109375 0.31025390625 0.26318359375
1 0.63212890625 0.576171875 0.0751953125 0.081640625
1 0.896826171875 0.55205078125 0.01884765625 0.0419921875
1 0.810107421875 0.41796875 0.35439453125 0.3154296875
7 0.788720703125 0.5115234375000001 0.27880859375 0.0892578125
1 0.7917968750000001 0.485595703125 0.184765625 0.09951171875
1 0.7847167968750001 0.40458984374999996 0.02333984375 0.11015625
5 0.7470703125 0.273974609375 0.0798828125 0.10751953125
5 0.6930664062499999 0.31083984374999996 0.0642578125 0.1111328125
1 0.8841796875 0.419140625 0.1865234375 0.1650390625
1 0.7661621093750001 0.390673828125 0.10615234375 0.13388671875
1 0.824853515625 0.334716796875 0.19443359375 0.12900390625
7 0.923486328125 0.38837890625 0.13115234375 0.1802734375
0 0.6560546875000001 0.450439453125 0.1478515625 0.17861328125
0 0.175830078125 0.477880859375 0.04716796875 0.10712890625
