1 0.030419921875 0.241064453125 0.06083984375 0.11259765625
0 0.24716796875 0.53720703125 0.0419921875 0.0212890625
1 0.408056640625 0.6502929687500001 0.19970703125 0.15078125
1 0.007275390625 0.130908203125 0.01455078125 0.03720703125
1 0.01142578125 0.125732421875 0.0228515625 0.06201171875
1 0.025341796875 0.13232421875 0.01357421875 0.03203125
1 0.0140625 0.0873046875 0.028125 0.0837890625
1 0.439306640625 0.7735351562499999 0.17099609375 0.163671875
7 0.41943359375 0.760888671875 0.07109375 0.06494140625
1 0.058251953125 0.073388671875 0.11181640625 0.08330078125
1 0.0572265625 0.1130859375 0.0615234375 0.0283203125
1 0.096728515625 0.1677734375 0.15439453125 0.101953125
1 0.15292968750000002 0.130712890625 0.1736328125 0.13642578125
1 0.0947265625 0.217041015625 0.1220703125 0.04560546875
1 0.069091796875 0.283203125 0.13427734375 0.1240234375
0 0.069921875 0.234130859375 0.0333984375 0.01689453125
1 0.330810546875 0.290234375 0.58759765625 0.5044921875
7 0.072607421875 0.273974609375 0.11279296875 0.06572265625
0 0.3826171875 0.6255859375 0.019140625 0.0662109375
