0 0.46796875 0.4376953125 0.018359375 0.0625
7 0.48627929687500004 0.65146484375 0.02705078125 0.0873046875
7 0.45009765625 0.496337890625 0.064453125 0.22353515625
7 0.41318359375 0.667919921875 0.137890625 0.23408203125
7 0.29150390625 0.44721679687500004 0.28046875 0.45927734375
1 0.3185546875 0.623486328125 0.0349609375 0.19013671875
1 0.19208984375000002 0.618212890625 0.269140625 0.29130859375
5 0.10888671875 0.5436523437499999 0.1259765625 0.05625
1 0.3171875 0.653271484375 0.0283203125 0.22060546875
1 0.181640625 0.740234375 0.3484375 0.3931640625
7 0.5896484375 0.526123046875 0.258203125 0.52841796875
1 0.84091796875 0.727880859375 0.2869140625 0.30029296875
