0 0.919482421875 0.27197265625 0.16044921875 0.5439453125
6 0.7254882812500001 0.672119140625 0.31796875 0.35478515625
0 0.764404296875 0.6188476562499999 0.24052734375 0.163671875
6 0.72724609375 0.53974609375 0.2728515625 0.1845703125
6 0.735009765625 0.43544921875 0.31767578125 0.161328125
0 0.735888671875 0.450830078125 0.31943359375 0.14248046875
6 0.658984375 0.211328125 0.549609375 0.42265625
6 0.28125 0.8052734375 0.257421875 0.239453125
6 0.422119140625 0.75048828125 0.44990234375 0.4560546875
6 0.4119140625 0.32294921875 0.3447265625 0.4388671875
6 0.27138671875 0.4310546875 0.4431640625 0.6326171875
0 0.35947265625 0.36958007812500004 0.2765625 0.50361328125
0 0.41259765625 0.319921875 0.3310546875 0.4203125
6 0.96220703125 0.924560546875 0.0751953125 0.15009765625
