7 0.938671875 0.666259765625 0.09296875 0.07314453125
2 0.503759765625 0.476806640625 0.14912109375 0.06767578125
6 0.525830078125 0.254150390625 0.27451171875 0.22763671875
0 0.785546875 0.504150390625 0.4255859375 0.60048828125
6 0.663720703125 0.48354492187500003 0.17001953125 0.55830078125
6 0.272998046875 0.392724609375 0.46201171875 0.22744140625
6 0.3134765625 0.65849609375 0.5548828125 0.3060546875
0 0.316748046875 0.7751953125000001 0.54560546875 0.0568359375
6 0.3634765625 0.30073242187500004 0.090625 0.08955078125
5 0.68486328125 0.93466796875 0.1197265625 0.0751953125
7 0.87353515625 0.925146484375 0.25234375 0.14931640625
6 0.33530273437499997 0.180908203125 0.05556640625 0.09248046875
