1 0.899169921875 0.944775390625 0.20107421875 0.10986328125
7 0.6116210937500001 0.932958984375 0.1994140625 0.08857421875
7 0.456201171875 0.616796875 0.42490234375 0.0818359375
1 0.29775390625000003 0.58857421875 0.0796875 0.0763671875
1 0.314013671875 0.57373046875 0.07509765625 0.0423828125
1 0.301220703125 0.50322265625 0.26318359375 0.2087890625
0 0.47915039062500003 0.5580078125 0.36240234375 0.17109375
0 0.42314453125 0.47666015625 0.1220703125 0.0724609375
0 0.31386718750000003 0.36123046875 0.0734375 0.096484375
0 0.46689453125 0.306005859375 0.06015625 0.03369140625
1 0.49335937500000004 0.38583984375 0.368359375 0.232421875
7 0.10908203124999999 0.46196289062499996 0.200390625 0.09501953125
0 0.080078125 0.41953125 0.1078125 0.05234375
0 0.379345703125 0.27177734375 0.09658203125 0.027734375
