7 0.8384277343750001 0.149462890625 0.24873046875 0.29892578125
5 0.318896484375 0.509228515625 0.10810546875 0.10908203125
7 0.389599609375 0.617919921875 0.11552734375 0.08701171875
5 0.40854492187499997 0.4955078125 0.05361328125 0.0505859375
5 0.345458984375 0.5443359375 0.10908203125 0.125
5 0.41083984375 0.5546875 0.0349609375 0.120703125
7 0.903173828125 0.304248046875 0.15205078125 0.07802734375
5 0.278271484375 0.733837890625 0.06943359375 0.08271484375
0 0.495556640625 0.71044921875 0.11064453125 0.1107421875
5 0.555322265625 0.69609375 0.03271484375 0.0720703125
5 0.52060546875 0.49526367187500003 0.03125 0.04599609375
7 0.491259765625 0.569482421875 0.15869140625 0.21298828125
1 0.986083984375 0.4267578125 0.02724609375 0.1154296875
5 0.31464843750000004 0.92060546875 0.1267578125 0.0958984375
7 0.75400390625 0.56083984375 0.4484375 0.6197265625
5 0.977099609375 0.543115234375 0.04541015625 0.08232421875
