1 0.203173828125 0.6659179687500001 0.39755859375 0.2876953125
1 0.6534667968750001 0.26875 0.69248046875 0.344140625
0 0.67236328125 0.37446289062500004 0.2134765625 0.13701171875
2 0.314794921875 0.40361328125 0.12080078125 0.073828125
1 0.435791015625 0.223828125 0.50068359375 0.280078125
0 0.37846679687499996 0.320751953125 0.04814453125 0.05517578125
1 0.630859375 0.69130859375 0.2630859375 0.2173828125
1 0.531494140625 0.5611328124999999 0.58369140625 0.47109375
0 0.5236328125 0.50830078125 0.350390625 0.233984375
0 0.54990234375 0.520458984375 0.3212890625 0.29443359375
1 0.842578125 0.131787109375 0.3142578125 0.26357421875
1 0.7908203125000001 0.015185546875 0.180078125 0.03037109375
1 0.5950683593749999 0.118896484375 0.41298828125 0.23623046875
1 0.56123046875 0.048583984375 0.2771484375 0.09716796875
1 0.44345703124999997 0.194140625 0.3373046875 0.203515625
