2 0.160595703125 0.47236328125 0.23115234375 0.1341796875
2 0.51337890625 0.510009765625 0.48046875 0.22646484375
0 0.31796875 0.694873046875 0.6359375 0.53798828125
0 0.50048828125 0.695654296875 0.271484375 0.17705078125
0 0.535595703125 0.717724609375 0.26025390625 0.19990234375
0 0.275 0.8546386718750001 0.1068359375 0.08681640625
0 0.413525390625 0.876220703125 0.25830078125 0.19697265625
0 0.3193359375 0.7549804687499999 0.310546875 0.19296875
0 0.350537109375 0.705224609375 0.13955078125 0.12626953125
0 0.5147460937499999 0.7342773437500001 0.38125 0.1322265625
