7 0.9224609375 0.295654296875 0.1544921875 0.54501953125
7 0.456982421875 0.34423828125 0.91396484375 0.6884765625
6 0.8341796875 0.059521484375 0.1416015625 0.11904296875
6 0.771435546875 0.43994140625 0.18134765625 0.331640625
6 0.686181640625 0.24873046875 0.24482421875 0.2533203125
6 0.715185546875 0.076904296875 0.13017578125 0.15380859375
6 0.548583984375 0.442138671875 0.10810546875 0.19443359375
6 0.466015625 0.57109375 0.22421875 0.0787109375
6 0.29931640625 0.3296875 0.4126953125 0.43515625
6 0.346484375 0.1994140625 0.69296875 0.398828125
4 0.6563476562499999 0.52548828125 0.1783203125 0.8115234375
6 0.10791015625 0.442138671875 0.1810546875 0.20771484375
