0 0.7642578124999999 0.58212890625 0.33359375 0.8349609375
6 0.620263671875 0.466748046875 0.53173828125 0.62001953125
7 0.02626953125 0.796142578125 0.0525390625 0.21728515625
7 0.1783203125 0.37490234375 0.356640625 0.293359375
5 0.095068359375 0.6583984374999999 0.11728515625 0.174609375
7 0.186279296875 0.78466796875 0.37255859375 0.4298828125
7 0.218359375 0.584619140625 0.3419921875 0.70498046875
4 0.379248046875 0.49516601562499996 0.25693359375 0.63857421875
0 0.767236328125 0.36064453125 0.17978515625 0.1888671875
4 0.7173828124999999 0.508251953125 0.1783203125 0.54365234375
0 0.7288574218749999 0.270166015625 0.04013671875 0.03505859375
0 0.42514648437499997 0.762744140625 0.11064453125 0.10947265625
4 0.5720703125 0.46284179687500004 0.138671875 0.77216796875
