1 0.581982421875 0.64658203125 0.13427734375 0.0724609375
0 0.455712890625 0.46396484375 0.03310546875 0.02109375
7 0.350390625 0.6163574218750001 0.0400390625 0.02333984375
0 0.34375 0.450390625 0.0486328125 0.0203125
7 0.263916015625 0.308447265625 0.31416015625 0.17041015625
7 0.229541015625 0.41611328125 0.15810546875 0.0966796875
7 0.08251953125 0.3787109375 0.1650390625 0.0927734375
1 0.095947265625 0.4474609375 0.17529296875 0.1240234375
0 0.039013671875 0.44135742187500004 0.07802734375 0.05927734375
5 0.33916015625 0.477880859375 0.0625 0.03720703125
5 0.337109375 0.5 0.0849609375 0.033203125
5 0.20751953125 0.451904296875 0.0552734375 0.05458984375
1 0.277001953125 0.467236328125 0.11806640625 0.08427734375
7 0.345263671875 0.537841796875 0.07080078125 0.10791015625
7 0.450390625 0.48745117187500003 0.126953125 0.02607421875
7 0.43964843750000004 0.56904296875 0.1603515625 0.216015625
7 0.423583984375 0.6474609375 0.11044921875 0.054296875
5 0.220068359375 0.488818359375 0.08427734375 0.03720703125
5 0.367236328125 0.655029296875 0.10751953125 0.07197265625
1 0.2134765625 0.568310546875 0.2919921875 0.20458984375
5 0.076904296875 0.498876953125 0.07900390625 0.07666015625
1 0.186474609375 0.520166015625 0.08662109375 0.06025390625
7 0.271484375 0.5603515625 0.18984375 0.1083984375
5 0.32041015624999997 0.5592773437499999 0.066796875 0.0515625
5 0.28061523437499997 0.5784667968749999 0.07841796875 0.05380859375
5 0.5271484375 0.68515625 0.06015625 0.0587890625
1 0.422119140625 0.83837890625 0.12529296875 0.0716796875
7 0.448779296875 0.69677734375 0.15341796875 0.1296875
1 0.7556640625000001 0.802685546875 0.15546875 0.04189453125
1 0.697900390625 0.643798828125 0.10947265625 0.06298828125
1 0.8138183593749999 0.59384765625 0.21494140625 0.138671875
1 0.8159667968750001 0.739306640625 0.20400390625 0.16123046875
1 0.8154785156250001 0.6830566406249999 0.13759765625 0.09970703125
5 0.8537109374999999 0.7109375 0.0916015625 0.050390625
1 0.8667480468750001 0.733544921875 0.15009765625 0.08212890625
1 0.859326171875 0.5403320312500001 0.04267578125 0.0423828125
5 0.815673828125 0.90732421875 0.06845703125 0.0671875
1 0.6181640625 0.76123046875 0.3640625 0.2353515625
7 0.68681640625 0.77578125 0.0595703125 0.044140625
5 0.6755859375 0.7005371093749999 0.058203125 0.05185546875
0 0.6975585937500001 0.6861328125 0.055859375 0.048828125
0 0.16782226562500002 0.5249511718750001 0.04794921875 0.03994140625
