7 0.52490234375 0.546630859375 0.0369140625 0.05888671875
7 0.457958984375 0.52314453125 0.13369140625 0.18984375
7 0.630029296875 0.38725585937499996 0.15400390625 0.22880859375
7 0.49951171875 0.27841796875 0.0818359375 0.06015625
7 0.364453125 0.294970703125 0.2388671875 0.26787109375
7 0.516796875 0.418115234375 0.2333984375 0.24169921875
7 0.6109374999999999 0.608642578125 0.179296875 0.26025390625
7 0.54501953125 0.705224609375 0.18671875 0.21591796875
7 0.30693359374999996 0.4267578125 0.1857421875 0.1279296875
7 0.22866210937499998 0.448291015625 0.11708984375 0.10615234375
7 0.20859375 0.673388671875 0.191015625 0.40439453125
7 0.38505859374999996 0.53935546875 0.221484375 0.2466796875
7 0.36240234375 0.71279296875 0.1919921875 0.4560546875
2 0.33056640625 0.533251953125 0.038671875 0.03076171875
2 0.338134765625 0.58369140625 0.04287109375 0.0853515625
7 0.512646484375 0.79189453125 0.15771484375 0.3396484375
7 0.7200683593749999 0.670263671875 0.24326171875 0.39482421875
