7 0.039697265625 0.4560546875 0.07939453125 0.1388671875
7 0.18232421875 0.53896484375 0.1939453125 0.234765625
7 0.239111328125 0.69052734375 0.21728515625 0.2705078125
0 0.84072265625 0.538330078125 0.0341796875 0.08134765625
7 0.4912109375 0.393017578125 0.2150390625 0.36611328125
7 0.365087890625 0.546240234375 0.19697265625 0.38291015625
5 0.85107421875 0.412353515625 0.0458984375 0.08798828125
2 0.8598144531249999 0.47866210937500003 0.05205078125 0.07041015625
7 0.6899902343750001 0.3900390625 0.19990234375 0.25234375
7 0.641015625 0.294970703125 0.169921875 0.26318359375
7 0.690625 0.49370117187499996 0.2998046875 0.51455078125
9 0.04267578125 0.44062500000000004 0.0505859375 0.0763671875
