4 0.569189453125 0.1533203125 0.04365234375 0.1498046875
4 0.553662109375 0.23662109374999998 0.03896484375 0.098828125
4 0.53349609375 0.282177734375 0.049609375 0.17158203125
4 0.52158203125 0.339404296875 0.044140625 0.16298828125
4 0.42333984375 0.44892578125000004 0.0947265625 0.2390625
4 0.77724609375 0.506494140625 0.0744140625 0.24970703125
4 0.848828125 0.525439453125 0.078125 0.27119140625
4 0.927099609375 0.5333984375 0.09130859375 0.2599609375
4 0.703955078125 0.49785156249999996 0.07314453125 0.2423828125
4 0.498876953125 0.443896484375 0.08603515625 0.24169921875
4 0.55986328125 0.45781249999999996 0.0771484375 0.2390625
4 0.6292480468749999 0.480810546875 0.07041015625 0.24931640625
4 0.29990234375 0.42626953125 0.1056640625 0.2228515625
4 0.35898437499999997 0.431396484375 0.0994140625 0.22919921875
4 0.064013671875 0.421142578125 0.12744140625 0.22060546875
4 0.09375 0.15791015625 0.03671875 0.077734375
4 0.06523437500000001 0.21049804687499998 0.0431640625 0.10419921875
4 0.14404296875 0.057861328125 0.033203125 0.07470703125
4 0.11357421875000001 0.112646484375 0.0421875 0.08701171875
4 0.226416015625 0.408935546875 0.11552734375 0.22783203125
