1 0.925048828125 0.600634765625 0.14912109375 0.25673828125
1 0.90478515625 0.705810546875 0.18984375 0.12099609375
2 0.93486328125 0.7077148437499999 0.041015625 0.0359375
1 0.829052734375 0.551953125 0.05361328125 0.1435546875
1 0.8717285156250001 0.67197265625 0.05361328125 0.0359375
1 0.8186523437500001 0.533154296875 0.1583984375 0.29736328125
2 0.886376953125 0.69541015625 0.07568359375 0.049609375
1 0.52568359375 0.623974609375 0.444140625 0.47119140625
1 0.8427734375 0.78251953125 0.3138671875 0.20390625
1 0.8012207031249999 0.657080078125 0.12431640625 0.07763671875
1 0.7955078125 0.67529296875 0.1068359375 0.0947265625
1 0.710546875 0.57109375 0.051953125 0.175390625
1 0.685302734375 0.577197265625 0.04794921875 0.12900390625
1 0.500634765625 0.5291015625 0.36376953125 0.2462890625
1 0.491748046875 0.50146484375 0.08466796875 0.0724609375
2 0.491748046875 0.56064453125 0.10712890625 0.059765625
1 0.621337890625 0.46103515625 0.16005859375 0.28125
1 0.41191406249999996 0.453564453125 0.1564453125 0.25791015625
5 0.54130859375 0.377734375 0.1197265625 0.1205078125
1 0.541162109375 0.37998046875 0.10810546875 0.06796875
0 0.530078125 0.28916015625 0.04296875 0.1423828125
6 0.955224609375 0.57763671875 0.08896484375 0.2068359375
0 0.33544921875 0.643212890625 0.0611328125 0.05087890625
0 0.726171875 0.6978515625 0.0291015625 0.06328125
2 0.920263671875 0.79677734375 0.06611328125 0.0220703125
