6 0.146923828125 0.42421875000000003 0.29384765625 0.292578125
5 0.34052734375 0.505322265625 0.196875 0.26162109375
5 0.33125 0.44780273437499996 0.0484375 0.05107421875
5 0.34716796875 0.47314453125 0.069140625 0.0529296875
5 0.765771484375 0.40732421875 0.23935546875 0.2216796875
6 0.40410156249999996 0.28837890625 0.50859375 0.3267578125
7 0.573486328125 0.669873046875 0.20126953125 0.16162109375
5 0.5812011718750001 0.51181640625 0.37802734375 0.221875
7 0.4361328125 0.787109375 0.3541015625 0.34375
5 0.37690429687500004 0.65439453125 0.07099609375 0.0408203125
5 0.35190429687499997 0.616455078125 0.16298828125 0.08212890625
5 0.542041015625 0.72783203125 0.13408203125 0.0908203125
5 0.57138671875 0.7871582031250001 0.07421875 0.06318359375
5 0.45595703125 0.8906738281250001 0.0876953125 0.06923828125
5 0.42255859375 0.7845703125 0.242578125 0.1638671875
5 0.411328125 0.7130859375 0.132421875 0.044921875
7 0.77431640625 0.7875 0.3552734375 0.424609375
