1 0.522607421875 0.65888671875 0.45439453125 0.5638671875
1 0.357861328125 0.5449707031250001 0.03076171875 0.09658203125
1 0.376025390625 0.5739257812499999 0.02880859375 0.073046875
1 0.6876953124999999 0.33828125000000003 0.194921875 0.53046875
1 0.332861328125 0.46772460937500004 0.06396484375 0.22587890625
1 0.406005859375 0.315673828125 0.15478515625 0.36142578125
1 0.39404296875 0.41865234375 0.04609375 0.058203125
1 0.46689453125 0.5701171875 0.216015625 0.2705078125
1 0.35996093749999997 0.192626953125 0.1048828125 0.29990234375
1 0.50244140625 0.246533203125 0.04609375 0.05322265625
1 0.401806640625 0.360302734375 0.04814453125 0.12998046875
1 0.414794921875 0.22060546874999998 0.05830078125 0.02578125
1 0.43598632812500004 0.313330078125 0.14287109375 0.18154296875
1 0.6085449218750001 0.233447265625 0.03994140625 0.03369140625
1 0.51953125 0.442138671875 0.232421875 0.43056640625
1 0.569677734375 0.33544921875 0.07939453125 0.3640625
1 0.5958984374999999 0.590625 0.0955078125 0.251953125
1 0.589501953125 0.521630859375 0.07041015625 0.15380859375
