7 0.9591796875 0.573583984375 0.0810546875 0.36337890625
7 0.93994140625 0.596240234375 0.11953125 0.37431640625
1 0.743505859375 0.755126953125 0.32685546875 0.19541015625
1 0.7254394531249999 0.555078125 0.34873046875 0.34296875
1 0.777294921875 0.518798828125 0.18994140625 0.04033203125
0 0.7451660156250001 0.55673828125 0.02998046875 0.060546875
1 0.781591796875 0.43515625 0.19912109375 0.1904296875
1 0.612109375 0.1333984375 0.15625 0.1583984375
7 0.346240234375 0.41796875 0.10263671875 0.144140625
7 0.41323242187500003 0.499609375 0.03720703125 0.0859375
7 0.345166015625 0.5312011718749999 0.09599609375 0.17490234375
7 0.43061523437500004 0.420166015625 0.13017578125 0.13720703125
7 0.500390625 0.578662109375 0.1505859375 0.31083984375
1 0.534228515625 0.3232421875 0.03720703125 0.0228515625
7 0.38134765625 0.640380859375 0.1708984375 0.26552734375
5 0.38095703125 0.526123046875 0.0654296875 0.09521484375
7 0.42783203125 0.29287109375 0.1591796875 0.1888671875
1 0.641748046875 0.505419921875 0.15751953125 0.23447265625
1 0.621044921875 0.287353515625 0.31005859375 0.35048828125
1 0.621630859375 0.538671875 0.05283203125 0.027734375
0 0.677001953125 0.40957031250000003 0.03447265625 0.0353515625
