7 0.7716796875 0.950927734375 0.3978515625 0.09775390625
7 0.475048828125 0.08828125 0.95009765625 0.1765625
7 0.499853515625 0.420263671875 0.99970703125 0.84052734375
7 0.27265625 0.687548828125 0.5453125 0.50947265625
7 0.285546875 0.92587890625 0.57109375 0.1478515625
2 0.420166015625 0.28408203125 0.20537109375 0.1287109375
2 0.574267578125 0.3775390625 0.15244140625 0.1123046875
7 0.43828124999999996 0.42084960937500004 0.7166015625 0.29912109375
7 0.667333984375 0.258544921875 0.42587890625 0.24130859375
0 0.560693359375 0.30458984375000003 0.13193359375 0.0421875
1 0.806396484375 0.22797851562500002 0.12861328125 0.17216796875
