0 0.64716796875 0.68828125 0.705078125 0.62265625
0 0.2091796875 0.703076171875 0.418359375 0.59326171875
5 0.7913574218749999 0.487744140625 0.04013671875 0.04697265625
5 0.859326171875 0.646142578125 0.17158203125 0.30029296875
5 0.8203613281250001 0.73466796875 0.11884765625 0.159765625
7 0.34267578125000003 0.7237304687499999 0.0826171875 0.1861328125
5 0.37558593749999997 0.736962890625 0.0349609375 0.04794921875
5 0.5578125 0.628271484375 0.47421875 0.30888671875
5 0.388427734375 0.797119140625 0.02529296875 0.07841796875
5 0.847412109375 0.640234375 0.11884765625 0.1369140625
5 0.59462890625 0.8275390625000001 0.392578125 0.336328125
5 0.515234375 0.410888671875 0.79140625 0.40771484375
0 0.390869140625 0.47768554687500003 0.78173828125 0.66572265625
