1 0.547412109375 0.2794921875 0.90439453125 0.558984375
7 0.06083984375 0.069189453125 0.1216796875 0.13837890625
5 0.34658203125 0.15292968750000002 0.6302734375 0.1634765625
1 0.46015625 0.38818359375 0.9203125 0.3373046875
0 0.846435546875 0.5224121093749999 0.07177734375 0.03349609375
7 0.92197265625 0.6103515625 0.15546875 0.2583984375
1 0.499853515625 0.6991210937500001 0.99970703125 0.601171875
5 0.489892578125 0.6363281249999999 0.73779296875 0.5642578125
0 0.226171875 0.861767578125 0.45234375 0.27607421875
5 0.8095703125 0.940771484375 0.18984375 0.11806640625
7 0.313623046875 0.96240234375 0.25693359375 0.074609375
1 0.27763671875 0.848974609375 0.5552734375 0.30009765625
1 0.12001953125 0.913818359375 0.2400390625 0.17041015625
