0 0.648681640625 0.97001953125 0.19677734375 0.0595703125
0 0.79482421875 0.944482421875 0.2251953125 0.11064453125
0 0.718896484375 0.8575195312499999 0.15673828125 0.1470703125
0 0.65888671875 0.88701171875 0.13984375 0.142578125
0 0.506298828125 0.940576171875 0.17724609375 0.09794921875
1 0.39931640625 0.794140625 0.4685546875 0.294140625
0 0.4041015625 0.852880859375 0.0634765625 0.05009765625
4 0.50263671875 0.69296875 0.0654296875 0.060546875
5 0.403955078125 0.71611328125 0.16630859375 0.0845703125
1 0.345751953125 0.7826660156249999 0.06513671875 0.06279296875
1 0.422119140625 0.76416015625 0.20732421875 0.112109375
1 0.46367187499999996 0.7716796874999999 0.2771484375 0.1287109375
3 0.816357421875 0.5984375 0.15380859375 0.2673828125
3 0.6941406250000001 0.5443359375 0.2228515625 0.37578125
1 0.612060546875 0.43798828125 0.39482421875 0.4181640625
6 0.36904296875 0.62626953125 0.43125 0.2271484375
6 0.085791015625 0.649462890625 0.17158203125 0.15947265625
6 0.146826171875 0.5897949218749999 0.25263671875 0.17802734375
1 0.38994140625 0.42807617187499997 0.0357421875 0.08486328125
5 0.6248046875000001 0.656982421875 0.0453125 0.02431640625
