0 0.44306640625 0.499853515625 0.8861328125 0.99970703125
0 0.482763671875 0.554541015625 0.27255859375 0.41865234375
8 0.3220703125 0.36259765624999996 0.2314453125 0.34296875
8 0.5728515625 0.402783203125 0.07734375 0.11181640625
8 0.5580566406249999 0.31596679687499996 0.10166015625 0.08427734375
8 0.54677734375 0.54775390625 0.0662109375 0.0830078125
8 0.51279296875 0.483984375 0.1103515625 0.1345703125
8 0.40239257812499996 0.307373046875 0.31220703125 0.19013671875
8 0.42421875 0.58798828125 0.0498046875 0.075390625
8 0.4681640625 0.518994140625 0.1048828125 0.16630859375
8 0.45786132812499997 0.69638671875 0.05654296875 0.0462890625
8 0.42958984375000003 0.655322265625 0.25546875 0.19150390625
8 0.35112304687499996 0.6302734375 0.15205078125 0.215625
8 0.35537109375 0.50146484375 0.1279296875 0.1564453125
