1 0.481640625 0.93916015625 0.2318359375 0.1212890625
1 0.2822265625 0.27861328125 0.0896484375 0.3052734375
1 0.286083984375 0.1998046875 0.08466796875 0.1376953125
1 0.298291015625 0.1837890625 0.03837890625 0.055078125
1 0.40986328125 0.289453125 0.2529296875 0.3080078125
1 0.42280273437500004 0.280029296875 0.33427734375 0.21826171875
1 0.430224609375 0.289990234375 0.16005859375 0.21728515625
1 0.446484375 0.22392578125 0.1263671875 0.049609375
1 0.41259765625 0.31005859375 0.11015625 0.180078125
1 0.47055664062499997 0.285498046875 0.08330078125 0.13935546875
1 0.554296875 0.31455078125 0.213671875 0.2373046875
1 0.34970703124999997 0.40302734375000004 0.0267578125 0.0412109375
1 0.37236328125 0.39248046875 0.0396484375 0.0185546875
1 0.602685546875 0.336279296875 0.18818359375 0.26044921875
1 0.64052734375 0.4873046875 0.1474609375 0.11953125
1 0.336328125 0.5484375 0.463671875 0.309765625
1 0.539990234375 0.501708984375 0.16728515625 0.06943359375
1 0.5609863281249999 0.7191894531249999 0.06181640625 0.05205078125
2 0.6630859375 0.899462890625 0.105859375 0.17138671875
1 0.54599609375 0.7454101562500001 0.0734375 0.070703125
1 0.480126953125 0.783447265625 0.10048828125 0.14580078125
1 0.5625 0.82451171875 0.166015625 0.2060546875
1 0.693115234375 0.6576171875 0.23876953125 0.3822265625
1 0.475390625 0.6187011718750001 0.2900390625 0.19814453125
2 0.388671875 0.8041503906249999 0.1259765625 0.19072265625
