0 0.41289062499999996 0.41801757812499996 0.212109375 0.10576171875
0 0.487353515625 0.416748046875 0.15283203125 0.10498046875
5 0.153955078125 0.11054687499999999 0.12919921875 0.0818359375
0 0.12314453125 0.17958984375 0.2462890625 0.1943359375
1 0.1515625 0.85556640625 0.0771484375 0.0732421875
0 0.09833984375 0.821435546875 0.115625 0.12236328125
0 0.0392578125 0.717626953125 0.0583984375 0.10419921875
0 0.1015625 0.765234375 0.0607421875 0.06328125
7 0.18486328125 0.716015625 0.14921875 0.1203125
0 0.092822265625 0.714111328125 0.07255859375 0.09306640625
7 0.103369140625 0.548388671875 0.20673828125 0.24052734375
0 0.28691406249999996 0.407177734375 0.2609375 0.28427734375
0 0.4484375 0.38686523437500003 0.0859375 0.06943359375
0 0.090625 0.8196777343749999 0.18125 0.36025390625
1 0.229248046875 0.5517578125 0.04306640625 0.0240234375
1 0.160546875 0.344970703125 0.32109375 0.42939453125
5 0.2734375 0.23896484375 0.1005859375 0.0787109375
5 0.20537109375 0.17055664062499998 0.0701171875 0.07724609375
7 0.797216796875 0.430224609375 0.12236328125 0.16845703125
5 0.5916503906249999 0.43984375000000003 0.09677734375 0.0587890625
0 0.51728515625 0.41376953125 0.0841796875 0.04921875
7 0.811083984375 0.5508300781250001 0.37412109375 0.10927734375
5 0.795703125 0.556298828125 0.2826171875 0.05615234375
5 0.345166015625 0.5927734375 0.08544921875 0.0916015625
5 0.55771484375 0.631982421875 0.1091796875 0.03955078125
0 0.324560546875 0.839404296875 0.28818359375 0.22373046875
5 0.345654296875 0.712353515625 0.10654296875 0.08076171875
0 0.673193359375 0.739306640625 0.07998046875 0.08896484375
9 0.551220703125 0.7331054687499999 0.25126953125 0.1724609375
0 0.557373046875 0.272998046875 0.20556640625 0.12333984375
0 0.7366699218749999 0.290234375 0.20224609375 0.166015625
1 0.537451171875 0.32001953125 0.48662109375 0.29140625
0 0.512060546875 0.322216796875 0.44853515625 0.19111328125
9 0.5681640625 0.509130859375 0.3447265625 0.13369140625
5 0.26337890625 0.61767578125 0.189453125 0.1369140625
