7 0.317431640625 0.294140625 0.18056640625 0.029296875
7 0.538037109375 0.3349609375 0.35380859375 0.142578125
1 0.50361328125 0.2755859375 0.131640625 0.1111328125
5 0.685888671875 0.3958984375 0.15478515625 0.0994140625
5 0.5568359375 0.340234375 0.191796875 0.137890625
1 0.18442382812500002 0.406396484375 0.10751953125 0.07021484375
1 0.72138671875 0.5666992187500001 0.219921875 0.180078125
7 0.337841796875 0.42109375000000004 0.24306640625 0.1076171875
5 0.56064453125 0.472412109375 0.237109375 0.14462890625
5 0.434814453125 0.585791015625 0.54228515625 0.32041015625
0 0.466943359375 0.332666015625 0.18583984375 0.15400390625
0 0.7177734375 0.44716796875000003 0.034765625 0.0744140625
