0 0.043603515625 0.11245117187499999 0.05654296875 0.07138671875
0 0.661083984375 0.217919921875 0.46845703125 0.43583984375
0 0.340185546875 0.208154296875 0.18623046875 0.16630859375
7 0.464892578125 0.51005859375 0.17685546875 0.073046875
7 0.23051757812499998 0.119873046875 0.38466796875 0.23974609375
0 0.013134765625 0.040966796875 0.02626953125 0.07998046875
0 0.042919921875 0.304052734375 0.08583984375 0.23310546875
0 0.017626953125 0.301708984375 0.03525390625 0.12333984375
5 0.469482421875 0.057373046875 0.10615234375 0.11474609375
5 0.895556640625 0.093408203125 0.20830078125 0.18681640625
0 0.32314453125 0.37421875 0.277734375 0.1908203125
0 0.06298828125 0.715966796875 0.1259765625 0.10322265625
0 0.750146484375 0.022314453125 0.05576171875 0.04462890625
7 0.698046875 0.372314453125 0.210546875 0.16005859375
5 0.725048828125 0.529736328125 0.47197265625 0.31416015625
5 0.6599609375 0.776123046875 0.373046875 0.13759765625
3 0.23955078124999998 0.54775390625 0.40078125 0.271484375
