5 0.938671875 0.252099609375 0.1154296875 0.05283203125
1 0.911767578125 0.24736328125 0.10849609375 0.0533203125
1 0.80107421875 0.234814453125 0.0611328125 0.02724609375
1 0.8294921875 0.24848632812500002 0.0439453125 0.01884765625
6 0.556005859375 0.149560546875 0.53271484375 0.29814453125
6 0.6791015625000001 0.405908203125 0.6412109375 0.41787109375
7 0.47768554687500003 0.57578125 0.35751953125 0.3033203125
7 0.259228515625 0.77431640625 0.45634765625 0.2158203125
7 0.52578125 0.82734375 0.213671875 0.2748046875
7 0.714794921875 0.798779296875 0.27548828125 0.29091796875
7 0.18037109375 0.30283203125 0.3607421875 0.6056640625
2 0.05888671875 0.0353515625 0.1177734375 0.070703125
1 0.05341796875 0.039111328125 0.1068359375 0.06376953125
0 0.12216796875 0.180322265625 0.2443359375 0.26689453125
2 0.037548828125 0.938134765625 0.07509765625 0.08056640625
0 0.076708984375 0.591162109375 0.15341796875 0.09248046875
2 0.5412109375 0.42919921875 0.05390625 0.04140625
5 0.573095703125 0.421484375 0.04228515625 0.0240234375
0 0.10859375 0.143701171875 0.198046875 0.13662109375
5 0.098583984375 0.0294921875 0.04697265625 0.058984375
7 0.202392578125 0.047607421875 0.12568359375 0.05361328125
5 0.165185546875 0.01796875 0.04130859375 0.012109375
