1 0.5511718750000001 0.41948242187499996 0.074609375 0.08427734375
7 0.3498046875 0.11640624999999999 0.10390625 0.140234375
7 0.035205078125 0.123486328125 0.07041015625 0.17958984375
7 0.00732421875 0.168994140625 0.0146484375 0.04892578125
7 0.19873046875 0.105322265625 0.2482421875 0.21064453125
7 0.173876953125 0.084326171875 0.25146484375 0.16865234375
7 0.05107421875 0.18720703125000002 0.1021484375 0.1111328125
7 0.18349609375 0.29052734375 0.2509765625 0.3806640625
7 0.036328125 0.24570312500000002 0.07265625 0.140234375
7 0.063720703125 0.44775390625 0.12744140625 0.42265625
7 0.02568359375 0.756103515625 0.0513671875 0.21396484375
7 0.394775390625 0.23183593749999998 0.20068359375 0.2427734375
7 0.299072265625 0.37978515625 0.10810546875 0.2265625
7 0.38554687499999996 0.33403320312499996 0.0984375 0.14482421875
6 0.44111328125 0.40458984375 0.1451171875 0.1173828125
1 0.249560546875 0.561669921875 0.11708984375 0.20732421875
1 0.248779296875 0.514697265625 0.09619140625 0.17158203125
7 0.780712890625 0.512744140625 0.42060546875 0.23974609375
6 0.519287109375 0.480712890625 0.15009765625 0.10751953125
7 0.42177734375 0.559326171875 0.2611328125 0.23779296875
5 0.523583984375 0.901953125 0.04716796875 0.1775390625
7 0.326806640625 0.733251953125 0.28251953125 0.25361328125
5 0.47080078124999997 0.8919921875000001 0.105859375 0.215234375
5 0.39423828125 0.775146484375 0.1123046875 0.07802734375
3 0.45644531250000003 0.866064453125 0.06171875 0.10380859375
5 0.430322265625 0.7966796875 0.07841796875 0.090625
5 0.3982421875 0.908837890625 0.0900390625 0.17822265625
5 0.3576171875 0.87265625 0.0947265625 0.208984375
5 0.457470703125 0.776611328125 0.04091796875 0.05849609375
9 0.6692382812500001 0.528759765625 0.1341796875 0.14150390625
9 0.7247070312499999 0.3673828125 0.2728515625 0.2943359375
0 0.546728515625 0.420751953125 0.01708984375 0.04658203125
