1 0.672900390625 0.399267578125 0.35068359375 0.57705078125
7 0.7364257812499999 0.7650878906249999 0.210546875 0.17294921875
7 0.544384765625 0.53701171875 0.13447265625 0.21953125
7 0.49150390624999996 0.6719726562499999 0.03203125 0.183203125
7 0.552587890625 0.683203125 0.11552734375 0.284375
7 0.409814453125 0.530029296875 0.04931640625 0.12099609375
1 0.25888671875 0.6265136718750001 0.226171875 0.14912109375
7 0.41977539062499997 0.7392089843749999 0.16689453125 0.30986328125
5 0.3783203125 0.56962890625 0.06328125 0.1140625
1 0.45771484375 0.55322265625 0.07265625 0.1236328125
7 0.266845703125 0.569140625 0.21630859375 0.25859375
0 0.255126953125 0.448876953125 0.05927734375 0.03271484375
3 0.43330078125 0.292138671875 0.058984375 0.07568359375
1 0.35429687499999996 0.35166015625 0.18828125 0.1431640625
0 0.629345703125 0.6140625 0.04443359375 0.13359375
