7 0.3349609375 0.3537109375 0.45703125 0.6111328125
1 0.675927734375 0.61572265625 0.30224609375 0.3216796875
7 0.27939453125 0.649755859375 0.2109375 0.35712890625
1 0.5119140625 0.662548828125 0.1712890625 0.09345703125
1 0.767041015625 0.59775390625 0.08564453125 0.0734375
1 0.6123046875 0.5950195312500001 0.2681640625 0.17109375
7 0.5462890625 0.734130859375 0.34453125 0.34130859375
1 0.6344726562499999 0.514404296875 0.194140625 0.13193359375
1 0.746533203125 0.5662109375000001 0.07705078125 0.0560546875
5 0.953076171875 0.8639648437499999 0.09326171875 0.0642578125
0 0.54599609375 0.448876953125 0.0390625 0.03271484375
0 0.5689453124999999 0.478076171875 0.0572265625 0.04931640625
0 0.559521484375 0.488330078125 0.05029296875 0.04560546875
7 0.90810546875 0.5328613281250001 0.183203125 0.52451171875
