7 0.1333984375 0.59990234375 0.19296875 0.3015625
7 0.29267578125000004 0.57626953125 0.2078125 0.3244140625
7 0.1673828125 0.36274414062500004 0.2380859375 0.21162109375
7 0.194775390625 0.215625 0.14853515625 0.105859375
1 0.538623046875 0.56591796875 0.29013671875 0.4189453125
0 0.5606445312499999 0.5484375 0.0533203125 0.42890625
7 0.871875 0.66103515625 0.2556640625 0.2705078125
5 0.7726562499999999 0.75947265625 0.033984375 0.060546875
7 0.78662109375 0.739111328125 0.0458984375 0.03505859375
5 0.810498046875 0.702734375 0.08779296875 0.0939453125
5 0.86318359375 0.742919921875 0.023046875 0.06513671875
5 0.9295898437500001 0.68564453125 0.1205078125 0.1703125
5 0.9787109375 0.742578125 0.0421875 0.0625
5 0.8740234375 0.634765625 0.0873046875 0.1564453125
5 0.82109375 0.5982421875 0.085546875 0.1064453125
1 0.09765625 0.4912109375 0.0341796875 0.043359375
