0 0.14814453125 0.8626953125000001 0.2962890625 0.2740234375
5 0.266357421875 0.45888671875000003 0.53271484375 0.347265625
7 0.14765625 0.08681640625 0.2953125 0.1736328125
5 0.3953125 0.228955078125 0.2271484375 0.17861328125
5 0.378271484375 0.250439453125 0.23017578125 0.15009765625
7 0.16982421875 0.2548828125 0.3396484375 0.362890625
7 0.38046875 0.945166015625 0.276171875 0.10908203125
0 0.372314453125 0.8272949218750001 0.22353515625 0.19814453125
0 0.69345703125 0.9189453125 0.375 0.16171875
7 0.48002929687499996 0.751123046875 0.33037109375 0.20068359375
7 0.8097167968750001 0.86298828125 0.37998046875 0.2443359375
0 0.9646484375 0.411083984375 0.0701171875 0.06572265625
2 0.806982421875 0.45361328125 0.21259765625 0.1919921875
0 0.9041015625 0.306787109375 0.125 0.11708984375
5 0.8442871093750001 0.390576171875 0.15810546875 0.08427734375
5 0.87841796875 0.666455078125 0.2423828125 0.22021484375
5 0.425927734375 0.5956054687500001 0.40673828125 0.16640625
7 0.8145996093750001 0.515869140625 0.37001953125 0.17802734375
1 0.6148925781250001 0.24833984375 0.58701171875 0.366796875
5 0.50712890625 0.43046875 0.28671875 0.1654296875
0 0.383154296875 0.429931640625 0.07177734375 0.01611328125
1 0.615234375 0.371875 0.1822265625 0.0552734375
5 0.9603515625 0.535302734375 0.0787109375 0.12080078125
5 0.60615234375 0.516259765625 0.34453125 0.17587890625
5 0.627294921875 0.697802734375 0.29560546875 0.22490234375
