6 0.33212890624999997 0.4380859375 0.047265625 0.0166015625
6 0.319140625 0.325244140625 0.02578125 0.04443359375
6 0.3080078125 0.287158203125 0.0505859375 0.03271484375
6 0.335107421875 0.31596679687499996 0.01552734375 0.05009765625
6 0.305712890625 0.246240234375 0.05322265625 0.04912109375
6 0.669189453125 0.475927734375 0.05791015625 0.06298828125
6 0.29624023437499997 0.20307617187500002 0.05751953125 0.03818359375
6 0.04677734375 0.18662109375000002 0.0935546875 0.019140625
6 0.0796875 0.1599609375 0.159375 0.0376953125
6 0.08828125 0.125634765625 0.1765625 0.03896484375
6 0.08779296875 0.089892578125 0.1755859375 0.03896484375
6 0.23798828125 0.16005859375 0.159765625 0.0478515625
6 0.244189453125 0.134619140625 0.14248046875 0.01435546875
6 0.244189453125 0.12294921874999999 0.14052734375 0.01484375
6 0.259619140625 0.08447265625 0.17861328125 0.065234375
6 0.285888671875 0.035546875 0.15380859375 0.0423828125
0 0.32041015625 0.016748046875 0.075390625 0.03349609375
6 0.14931640625 0.242138671875 0.2986328125 0.14951171875
6 0.274755859375 0.41816406250000004 0.13095703125 0.14140625
6 0.20087890625 0.33481445312499997 0.221875 0.08876953125
5 0.253271484375 0.948388671875 0.07607421875 0.10263671875
5 0.190283203125 0.915380859375 0.15244140625 0.16865234375
5 0.1259765625 0.8642578125 0.251953125 0.27109375
5 0.1197265625 0.748828125 0.239453125 0.304296875
5 0.108642578125 0.6097167968749999 0.21728515625 0.29287109375
6 0.54384765625 0.882861328125 0.3224609375 0.23388671875
0 0.305712890625 0.39165039062499996 0.05126953125 0.07939453125
6 0.525341796875 0.86435546875 0.32841796875 0.1591796875
0 0.47802734375 0.47294921875 0.435546875 0.9458984375
6 0.5264160156250001 0.822802734375 0.22353515625 0.08310546875
6 0.510205078125 0.717529296875 0.34189453125 0.13740234375
6 0.505908203125 0.6553710937499999 0.28701171875 0.081640625
6 0.4916015625 0.606591796875 0.30390625 0.10712890625
6 0.48764648437499997 0.497900390625 0.30458984375 0.15400390625
6 0.490087890625 0.454296875 0.26982421875 0.0826171875
6 0.474169921875 0.419775390625 0.29892578125 0.02998046875
6 0.48525390625 0.390087890625 0.2953125 0.05654296875
6 0.47915039062500003 0.38291015625 0.29697265625 0.03125
6 0.462158203125 0.346923828125 0.33369140625 0.06943359375
6 0.47553710937500004 0.286962890625 0.29169921875 0.13193359375
6 0.47221679687499996 0.22509765625 0.29228515625 0.044921875
6 0.44638671874999997 0.137158203125 0.277734375 0.17509765625
6 0.6632324218750001 0.559033203125 0.05654296875 0.27177734375
6 0.646826171875 0.3724609375 0.05224609375 0.18828125
0 0.1302734375 0.12412109375 0.0119140625 0.0349609375
0 0.2359375 0.42646484375 0.051953125 0.0984375
