0 0.40244140624999997 0.574072265625 0.066796875 0.03349609375
0 0.611474609375 0.5333984375 0.05888671875 0.0478515625
0 0.58134765625 0.6021484374999999 0.1845703125 0.0689453125
3 0.629296875 0.5817382812499999 0.1177734375 0.06328125
5 0.48837890625 0.6402343749999999 0.2056640625 0.0826171875
5 0.499169921875 0.58779296875 0.05322265625 0.034765625
0 0.666796875 0.433642578125 0.120703125 0.08310546875
0 0.713330078125 0.477099609375 0.14619140625 0.00771484375
0 0.620849609375 0.36831054687500003 0.13662109375 0.12998046875
1 0.44296875 0.45654296875 0.0830078125 0.0634765625
1 0.446142578125 0.5447265625000001 0.08994140625 0.0587890625
1 0.4998046875 0.523583984375 0.12734375 0.10615234375
1 0.577001953125 0.47187500000000004 0.13623046875 0.0919921875
5 0.491259765625 0.466259765625 0.04462890625 0.06103515625
4 0.283447265625 0.48759765624999996 0.11376953125 0.0525390625
2 0.05771484375 0.561376953125 0.094921875 0.10986328125
2 0.289208984375 0.642724609375 0.05126953125 0.05380859375
1 0.222900390625 0.5709472656250001 0.29365234375 0.25595703125
0 0.396826171875 0.466357421875 0.22021484375 0.07412109375
5 0.24819335937499998 0.3953125 0.30849609375 0.1056640625
5 0.27744140625 0.5840332031250001 0.109765625 0.07783203125
1 0.143505859375 0.47294921875 0.28701171875 0.2748046875
2 0.3283203125 0.647412109375 0.0720703125 0.06220703125
0 0.279248046875 0.689892578125 0.08232421875 0.04541015625
0 0.147998046875 0.655322265625 0.05791015625 0.06865234375
0 0.361474609375 0.664453125 0.05888671875 0.0708984375
0 0.4625 0.178466796875 0.09296875 0.07314453125
2 0.50576171875 0.205615234375 0.17890625 0.13291015625
