7 0.7772460937500001 0.229052734375 0.4447265625 0.45810546875
7 0.4525390625 0.160693359375 0.3330078125 0.32138671875
7 0.7361328125 0.303759765625 0.5271484375 0.46259765625
1 0.7447265624999999 0.494970703125 0.351171875 0.20712890625
1 0.47783203125 0.631103515625 0.868359375 0.53349609375
1 0.745361328125 0.40117187499999996 0.36181640625 0.2140625
1 0.62783203125 0.45361328125 0.11875 0.0396484375
1 0.402978515625 0.44384765625 0.34560546875 0.3052734375
1 0.39057617187500004 0.451025390625 0.35185546875 0.28740234375
1 0.27402343749999997 0.49570312499999997 0.5076171875 0.226953125
1 0.26650390625 0.5197265625 0.46953125 0.2130859375
1 0.64560546875 0.61982421875 0.323046875 0.095703125
