1 0.556201171875 0.84521484375 0.46904296875 0.1216796875
1 0.561083984375 0.8422363281249999 0.45556640625 0.10849609375
1 0.503271484375 0.831884765625 0.07490234375 0.04462890625
1 0.450390625 0.8076660156250001 0.0908203125 0.02216796875
1 0.710205078125 0.827685546875 0.35244140625 0.16533203125
1 0.601708984375 0.688818359375 0.56298828125 0.37041015625
1 0.608349609375 0.784716796875 0.43603515625 0.10185546875
1 0.83046875 0.592578125 0.0845703125 0.090625
1 0.5369628906249999 0.6708496093749999 0.42958984375 0.08896484375
1 0.39360351562499996 0.2880859375 0.40224609375 0.480859375
1 0.4908203125 0.720361328125 0.373046875 0.03935546875
1 0.521630859375 0.67890625 0.41572265625 0.0482421875
1 0.6599609375 0.6548828125 0.17265625 0.055859375
1 0.384716796875 0.665380859375 0.11611328125 0.06083984375
1 0.48857421875 0.55771484375 0.34921875 0.159765625
1 0.6740234374999999 0.49863281249999997 0.18828125 0.0482421875
1 0.59248046875 0.58916015625 0.4201171875 0.1822265625
1 0.31240234375 0.161669921875 0.1783203125 0.22353515625
1 0.23027343749999998 0.181103515625 0.059765625 0.13662109375
1 0.213134765625 0.263720703125 0.10888671875 0.11669921875
1 0.3728515625 0.155810546875 0.05234375 0.07412109375
1 0.356884765625 0.1625 0.03623046875 0.0763671875
1 0.609423828125 0.7508300781249999 0.45986328125 0.26162109375
1 0.46157226562500003 0.844921875 0.03720703125 0.034375
