6 0.517236328125 0.96962890625 0.96494140625 0.0603515625
6 0.509423828125 0.028662109375 0.98056640625 0.05732421875
6 0.499853515625 0.500732421875 0.99970703125 0.94208984375
4 0.5282226562500001 0.33203125 0.3833984375 0.1462890625
4 0.6514648437499999 0.457421875 0.38515625 0.144921875
1 0.5740234375 0.41796875 0.18515625 0.0763671875
4 0.471484375 0.565185546875 0.332421875 0.08525390625
4 0.502978515625 0.65380859375 0.40244140625 0.105859375
0 0.5806152343750001 0.696630859375 0.21669921875 0.17705078125
4 0.40771484375 0.47822265625000004 0.293359375 0.2736328125
