7 0.2814453125 0.703759765625 0.0634765625 0.03544921875
7 0.361083984375 0.822216796875 0.06220703125 0.08779296875
1 0.02578125 0.640869140625 0.0515625 0.05556640625
7 0.210009765625 0.58408203125 0.35517578125 0.2251953125
5 0.06977539062499999 0.453369140625 0.12958984375 0.06943359375
7 0.376220703125 0.31796875 0.72060546875 0.3859375
1 0.666796875 0.46542968749999997 0.245703125 0.1673828125
6 0.53935546875 0.752099609375 0.467578125 0.29638671875
5 0.069287109375 0.7858398437499999 0.13857421875 0.1306640625
0 0.195458984375 0.709716796875 0.17861328125 0.09345703125
0 0.025146484375 0.169482421875 0.05029296875 0.12080078125
7 0.012744140625 0.2990234375 0.02548828125 0.138671875
7 0.523681640625 0.610546875 0.34091796875 0.1064453125
