1 0.387255859375 0.4990234375 0.34990234375 0.1865234375
1 0.708642578125 0.6463378906249999 0.40009765625 0.16220703125
7 0.69755859375 0.83349609375 0.3826171875 0.3326171875
7 0.29863281249999996 0.709033203125 0.3822265625 0.28369140625
7 0.365478515625 0.896923828125 0.42861328125 0.20556640625
7 0.224365234375 0.414697265625 0.23642578125 0.08232421875
7 0.12153320312499999 0.6865234375 0.17294921875 0.1498046875
7 0.912646484375 0.83701171875 0.17392578125 0.2693359375
7 0.878662109375 0.95556640625 0.24208984375 0.08828125
7 0.13115234374999998 0.5138671875 0.2609375 0.2177734375
