0 0.03984375 0.45068359375 0.0796875 0.101171875
5 0.6243652343749999 0.5138671875 0.38759765625 0.319921875
7 0.71923828125 0.42734374999999997 0.13359375 0.0873046875
0 0.5146972656250001 0.4587890625 0.14052734375 0.090234375
0 0.60068359375 0.504736328125 0.0267578125 0.02333984375
1 0.5316894531249999 0.410546875 0.07138671875 0.04140625
5 0.587353515625 0.4099609375 0.08271484375 0.1046875
5 0.509912109375 0.544384765625 0.06220703125 0.02978515625
3 0.536181640625 0.5138671875 0.15576171875 0.0541015625
2 0.49599609375000003 0.46083984375000003 0.118359375 0.0724609375
7 0.6701171874999999 0.41655273437499996 0.034765625 0.03740234375
0 0.6367675781250001 0.40751953125 0.06708984375 0.0908203125
5 0.669775390625 0.489990234375 0.11669921875 0.07314453125
0 0.6223632812500001 0.477294921875 0.1369140625 0.04833984375
0 0.773291015625 0.4568359375 0.04462890625 0.03671875
4 0.773974609375 0.497900390625 0.03935546875 0.02353515625
2 0.7766601562500001 0.46640625 0.09296875 0.0458984375
0 0.641357421875 0.51416015625 0.08759765625 0.0634765625
4 0.5439941406250001 0.5671875 0.05556640625 0.0396484375
2 0.6818359374999999 0.5615234375 0.0806640625 0.0505859375
0 0.7385742187500001 0.515625 0.1068359375 0.1037109375
0 0.764404296875 0.508544921875 0.06318359375 0.04638671875
3 0.7865234375000001 0.520947265625 0.1908203125 0.19619140625
5 0.8396484375 0.4556640625 0.0681640625 0.0595703125
