1 0.53203125 0.074169921875 0.06015625 0.14833984375
1 0.876953125 0.2435546875 0.07734375 0.033203125
1 0.914208984375 0.177392578125 0.17099609375 0.10537109375
5 0.705712890625 0.5615234375 0.23740234375 0.1626953125
1 0.883447265625 0.0662109375 0.23251953125 0.132421875
1 0.72470703125 0.018359374999999997 0.086328125 0.01484375
1 0.7314941406250001 0.008056640625 0.10517578125 0.01611328125
1 0.66865234375 0.31689453125 0.4298828125 0.340234375
1 0.68994140625 0.1580078125 0.5009765625 0.316015625
1 0.693896484375 0.11044921875 0.34091796875 0.0974609375
1 0.661328125 0.049365234375 0.200390625 0.02724609375
7 0.9244140625 0.874267578125 0.0935546875 0.08681640625
1 0.895947265625 0.6923828125 0.09951171875 0.109375
1 0.255126953125 0.65146484375 0.51025390625 0.3564453125
7 0.6552734375 0.751904296875 0.50625 0.38173828125
5 0.643017578125 0.73720703125 0.12666015625 0.1525390625
0 0.62666015625 0.749365234375 0.0595703125 0.12724609375
3 0.62099609375 0.765087890625 0.1064453125 0.08974609375
7 0.9596191406250001 0.892578125 0.07998046875 0.0853515625
1 0.2919921875 0.34404296875 0.2037109375 0.0982421875
1 0.68505859375 0.10849609375 0.2814453125 0.1123046875
1 0.6181640625 0.3318359375 0.0353515625 0.0283203125
1 0.6673339843749999 0.34189453125 0.10849609375 0.0458984375
1 0.774267578125 0.361572265625 0.12333984375 0.02333984375
1 0.7872070312499999 0.347705078125 0.0591796875 0.04072265625
1 0.743359375 0.341015625 0.0482421875 0.03125
1 0.58017578125 0.344140625 0.047265625 0.0330078125
1 0.82451171875 0.33662109375 0.0525390625 0.0369140625
1 0.590087890625 0.3236328125 0.06708984375 0.018359375
1 0.732666015625 0.330224609375 0.04794921875 0.01513671875
7 0.5364257812500001 0.322265625 0.0443359375 0.054296875
