1 0.175 0.50380859375 0.2169921875 0.1822265625
1 0.21240234375 0.40380859375 0.2224609375 0.1970703125
1 0.15810546875 0.419140625 0.199609375 0.1703125
5 0.54140625 0.379150390625 0.191015625 0.36142578125
0 0.37216796875 0.8447753906250001 0.2740234375 0.22919921875
7 0.206005859375 0.592626953125 0.23486328125 0.32080078125
7 0.064990234375 0.87041015625 0.12998046875 0.25859375
7 0.1638671875 0.878173828125 0.1837890625 0.24306640625
7 0.254931640625 0.9703613281250001 0.18056640625 0.05849609375
7 0.402734375 0.787353515625 0.237109375 0.34521484375
5 0.4375 0.241455078125 0.3169921875 0.32080078125
7 0.394580078125 0.549755859375 0.21474609375 0.40244140625
7 0.76884765625 0.279736328125 0.3373046875 0.43916015625
0 0.7507812500000001 0.13740234375000002 0.0138671875 0.038671875
1 0.816357421875 0.18500976562500002 0.14306640625 0.10283203125
4 0.7951171875 0.219775390625 0.0541015625 0.07705078125
7 0.702783203125 0.216796875 0.11728515625 0.1345703125
5 0.74765625 0.235107421875 0.074609375 0.10322265625
5 0.69775390625 0.21958007812500002 0.048828125 0.07412109375
1 0.67998046875 0.30556640625000003 0.1138671875 0.101171875
1 0.739208984375 0.2392578125 0.07216796875 0.0724609375
7 0.568994140625 0.23691406250000002 0.06103515625 0.0611328125
7 0.37163085937499996 0.113232421875 0.06279296875 0.07041015625
7 0.382177734375 0.13828125 0.10810546875 0.114453125
1 0.168994140625 0.3404296875 0.20166015625 0.185546875
5 0.331298828125 0.8974609375 0.03173828125 0.0548828125
