7 0.239990234375 0.309228515625 0.02060546875 0.09326171875
1 0.6560546875000001 0.410205078125 0.211328125 0.36474609375
7 0.74501953125 0.553955078125 0.1974609375 0.44580078125
1 0.46196289062499996 0.479345703125 0.19169921875 0.35087890625
1 0.655810546875 0.320751953125 0.19248046875 0.28369140625
7 0.374951171875 0.398095703125 0.21474609375 0.26650390625
7 0.232177734375 0.618701171875 0.28271484375 0.62958984375
1 0.5390625 0.62763671875 0.2279296875 0.4193359375
1 0.535107421875 0.5537597656250001 0.07861328125 0.20205078125
1 0.5931640625000001 0.5730468750000001 0.0697265625 0.1712890625
1 0.653857421875 0.2958984375 0.17431640625 0.1732421875
1 0.6423828125 0.307421875 0.1865234375 0.168359375
0 0.20361328125 0.42958984375 0.101171875 0.090625
