0 0.062158203125 0.0896484375 0.12431640625 0.179296875
1 0.8543457031249999 0.176171875 0.23837890625 0.2041015625
7 0.51357421875 0.1466796875 0.911328125 0.293359375
1 0.083154296875 0.835986328125 0.16630859375 0.15751953125
1 0.15361328125 0.491943359375 0.3072265625 0.73681640625
1 0.96904296875 0.231103515625 0.0611328125 0.11357421875
1 0.8740234375 0.623486328125 0.2513671875 0.38837890625
1 0.874462890625 0.43759765625 0.20068359375 0.1451171875
1 0.9119140625 0.4458984375 0.1755859375 0.1369140625
1 0.824560546875 0.32426757812499996 0.05458984375 0.09892578125
1 0.835791015625 0.3248046875 0.03076171875 0.050390625
7 0.906103515625 0.317919921875 0.18720703125 0.11904296875
7 0.532421875 0.49462890625 0.8564453125 0.9109375
