9 0.033740234375 0.8240234375 0.06748046875 0.1421875
7 0.93251953125 0.188330078125 0.1021484375 0.19873046875
7 0.9560546875 0.31591796875 0.0873046875 0.24765625
7 0.814892578125 0.568798828125 0.36982421875 0.72490234375
7 0.34184570312499996 0.4677734375 0.37177734375 0.827734375
6 0.458203125 0.146435546875 0.0994140625 0.12958984375
7 0.9716796875 0.475830078125 0.0560546875 0.15478515625
6 0.276953125 0.13125 0.0513671875 0.08203125
6 0.323974609375 0.13486328125 0.14208984375 0.09453125
7 0.971435546875 0.805419921875 0.05654296875 0.38857421875
1 0.978466796875 0.24946289062500002 0.04267578125 0.06181640625
