6 0.69794921875 0.17431640625 0.3515625 0.169140625
6 0.402978515625 0.2611328125 0.30322265625 0.1626953125
6 0.695068359375 0.224951171875 0.29892578125 0.13642578125
6 0.394189453125 0.33671874999999996 0.26123046875 0.15703125
6 0.6880371093750001 0.363232421875 0.31318359375 0.16591796875
6 0.395654296875 0.43857421875 0.27412109375 0.1609375
6 0.678515625 0.468359375 0.3015625 0.144140625
6 0.65771484375 0.5404296875 0.28046875 0.1443359375
6 0.376318359375 0.553515625 0.26787109375 0.194921875
6 0.359326171875 0.675927734375 0.30322265625 0.12470703125
6 0.63603515625 0.6603515625 0.2748046875 0.2150390625
6 0.34858398437500004 0.7364746093750001 0.29892578125 0.07314453125
6 0.34609375 0.84638671875 0.2953125 0.195703125
6 0.617919921875 0.84033203125 0.29130859375 0.2373046875
0 0.693994140625 0.2458984375 0.29072265625 0.033984375
0 0.659375 0.5364257812500001 0.2724609375 0.0267578125
0 0.355712890625 0.6881347656250001 0.29072265625 0.03798828125
0 0.6349609375 0.7225097656249999 0.265234375 0.06845703125
0 0.353662109375 0.802783203125 0.27744140625 0.05205078125
0 0.348486328125 0.90751953125 0.29560546875 0.064453125
0 0.34638671875 0.603955078125 0.090234375 0.79169921875
0 0.6294921875 0.552294921875 0.1478515625 0.89482421875
0 0.42001953125 0.23920898437500002 0.097265625 0.03447265625
