7 0.47685546874999996 0.442333984375 0.523828125 0.50966796875
0 0.515673828125 0.23095703125 0.09228515625 0.0185546875
7 0.7366210937500001 0.323974609375 0.176953125 0.20986328125
0 0.39643554687500004 0.276025390625 0.10908203125 0.12451171875
7 0.5234375 0.006201171875 0.1150390625 0.01240234375
0 0.480712890625 0.049511718749999996 0.24638671875 0.0984375
5 0.0322265625 0.978759765625 0.064453125 0.04189453125
0 0.048974609375 0.92373046875 0.08662109375 0.0974609375
5 0.444775390625 0.454541015625 0.13623046875 0.09599609375
0 0.537548828125 0.409765625 0.04931640625 0.0615234375
5 0.613232421875 0.32338867187500003 0.17158203125 0.12998046875
1 0.656884765625 0.305712890625 0.07373046875 0.08857421875
0 0.474072265625 0.361767578125 0.09228515625 0.10146484375
5 0.443505859375 0.364599609375 0.20771484375 0.10712890625
1 0.43779296875 0.36396484375 0.06875 0.0865234375
5 0.48095703125 0.2958984375 0.112109375 0.066015625
9 0.36162109375 0.93369140625 0.1703125 0.1322265625
