5 0.505419921875 0.499853515625 0.98837890625 0.99970703125
4 0.77578125 0.263720703125 0.299609375 0.13017578125
4 0.6544433593750001 0.24541015625 0.27451171875 0.144140625
4 0.761279296875 0.364208984375 0.30556640625 0.10048828125
4 0.761376953125 0.462646484375 0.23837890625 0.09345703125
4 0.621826171875 0.455517578125 0.25498046875 0.09599609375
4 0.75693359375 0.5595214843749999 0.260546875 0.09970703125
4 0.61044921875 0.5555175781249999 0.2466796875 0.10263671875
4 0.7654296875000001 0.775341796875 0.1908203125 0.12255859375
4 0.777099609375 0.66767578125 0.19443359375 0.106640625
4 0.60849609375 0.6557128906249999 0.2314453125 0.13095703125
4 0.63095703125 0.7765136718750001 0.1732421875 0.11904296875
4 0.48876953125 0.7859375 0.1646484375 0.1314453125
4 0.33212890625 0.8041015625 0.163671875 0.154296875
4 0.159912109375 0.81982421875 0.16435546875 0.1673828125
4 0.169482421875 0.682177734375 0.16435546875 0.14208984375
4 0.4814453125 0.66162109375 0.226171875 0.144140625
4 0.327734375 0.659521484375 0.18125 0.14091796875
