5 0.934619140625 0.33540039062500004 0.13017578125 0.36357421875
5 0.9595703125 0.34438476562500003 0.080078125 0.08017578125
5 0.906201171875 0.354296875 0.05908203125 0.0787109375
5 0.947705078125 0.261669921875 0.10400390625 0.09111328125
5 0.962060546875 0.47280273437500003 0.07529296875 0.02060546875
0 0.94267578125 0.45458984375 0.1140625 0.0220703125
5 0.9532714843750001 0.41357421875 0.09267578125 0.0673828125
0 0.950048828125 0.564794921875 0.09912109375 0.11845703125
1 0.9763671875 0.715673828125 0.046484375 0.08935546875
5 0.37919921875 0.37392578125 0.7583984375 0.7478515625
0 0.36171875 0.18916015625 0.2080078125 0.0615234375
7 0.444580078125 0.16708984375 0.27939453125 0.056640625
7 0.1875 0.3029296875 0.10234375 0.091796875
6 0.32041015625 0.50458984375 0.0484375 0.0271484375
0 0.233203125 0.645947265625 0.1072265625 0.10146484375
5 0.40371093750000003 0.592333984375 0.516796875 0.17490234375
2 0.22802734375 0.50302734375 0.1369140625 0.0865234375
