1 0.535107421875 0.611962890625 0.41044921875 0.39580078125
1 0.323876953125 0.88818359375 0.34970703125 0.2228515625
1 0.459228515625 0.9490234375 0.16044921875 0.101171875
1 0.24267578125 0.661279296875 0.1763671875 0.32841796875
1 0.2197265625 0.7128417968749999 0.0412109375 0.03740234375
1 0.671044921875 0.49062500000000003 0.46455078125 0.4302734375
1 0.66416015625 0.476025390625 0.4568359375 0.39248046875
1 0.6689453125 0.494091796875 0.3794921875 0.29697265625
1 0.66884765625 0.461962890625 0.36953125 0.32080078125
1 0.500732421875 0.540869140625 0.07197265625 0.12529296875
2 0.764501953125 0.48662109375 0.07119140625 0.05390625
1 0.645361328125 0.44243164062499996 0.30009765625 0.20830078125
1 0.51728515625 0.41835937500000003 0.1654296875 0.3287109375
1 0.6458984375000001 0.46396484375 0.1791015625 0.1474609375
1 0.74208984375 0.47373046875 0.0376953125 0.0353515625
1 0.335009765625 0.603662109375 0.08857421875 0.22919921875
1 0.385205078125 0.53349609375 0.05107421875 0.3111328125
1 0.42373046875000003 0.67265625 0.0201171875 0.0357421875
1 0.419384765625 0.62685546875 0.03369140625 0.1259765625
1 0.41552734375 0.541162109375 0.043359375 0.22119140625
1 0.3310546875 0.52431640625 0.01484375 0.073046875
1 0.315576171875 0.42099609375 0.07666015625 0.2017578125
1 0.348046875 0.45615234375 0.0369140625 0.1193359375
0 0.36357421875 0.473876953125 0.0654296875 0.15673828125
1 0.43095703124999996 0.47685546875 0.096484375 0.2982421875
1 0.447265625 0.410205078125 0.059765625 0.16103515625
1 0.461669921875 0.3279296875 0.09501953125 0.2318359375
