5 0.4416015625 0.5530761718749999 0.79140625 0.72978515625
1 0.163037109375 0.728173828125 0.16240234375 0.17529296875
1 0.308447265625 0.79189453125 0.19169921875 0.11015625
5 0.7743652343749999 0.356689453125 0.20439453125 0.28603515625
9 0.430322265625 0.46689453125 0.67412109375 0.91796875
3 0.744677734375 0.27890625 0.16142578125 0.180859375
3 0.771923828125 0.5087890625 0.07119140625 0.1689453125
3 0.8451171875000001 0.34916992187499996 0.105859375 0.16728515625
3 0.743408203125 0.388427734375 0.11181640625 0.18818359375
3 0.75146484375 0.46621093750000003 0.066015625 0.0806640625
3 0.854638671875 0.456640625 0.04072265625 0.20234375
3 0.731689453125 0.762548828125 0.06005859375 0.07412109375
3 0.72021484375 0.80029296875 0.2390625 0.3048828125
3 0.7134765625 0.7736328125 0.0642578125 0.08828125
3 0.696337890625 0.782421875 0.04638671875 0.0873046875
