1 0.86328125 0.550244140625 0.2728515625 0.36533203125
1 0.012548828125 0.240283203125 0.02509765625 0.08876953125
1 0.33925781250000003 0.27119140625 0.1197265625 0.109375
1 0.823876953125 0.4201171875 0.17099609375 0.1166015625
1 0.591064453125 0.223779296875 0.53076171875 0.30478515625
1 0.12626953125 0.29306640625 0.2486328125 0.2453125
1 0.78818359375 0.47822265625 0.1259765625 0.080859375
1 0.6625488281249999 0.404150390625 0.23837890625 0.12724609375
1 0.20869140625 0.375244140625 0.0806640625 0.08974609375
7 0.09521484375 0.548046875 0.1904296875 0.576171875
7 0.4634765625 0.616943359375 0.8263671875 0.64013671875
7 0.1240234375 0.072802734375 0.248046875 0.14560546875
1 0.023974609375 0.127685546875 0.04794921875 0.07685546875
1 0.332373046875 0.658203125 0.38291015625 0.163671875
1 0.36420898437500004 0.781591796875 0.42490234375 0.29541015625
