5 0.6508300781249999 0.983154296875 0.03837890625 0.03271484375
9 0.543798828125 0.8923828125000001 0.17431640625 0.0431640625
0 0.523291015625 0.93857421875 0.22060546875 0.122265625
7 0.85439453125 0.620703125 0.0982421875 0.2830078125
7 0.922412109375 0.59326171875 0.15439453125 0.4052734375
0 0.15244140625 0.823779296875 0.3048828125 0.17333984375
5 0.014892578125 0.7905761718750001 0.02978515625 0.07021484375
1 0.043994140625 0.6850097656249999 0.08798828125 0.14287109375
1 0.6370605468749999 0.64873046875 0.49501953125 0.4759765625
7 0.228857421875 0.63115234375 0.45771484375 0.4587890625
1 0.77978515625 0.420263671875 0.174609375 0.10986328125
1 0.605810546875 0.344091796875 0.42919921875 0.14951171875
7 0.300439453125 0.580859375 0.26689453125 0.1607421875
