7 0.44487304687499996 0.288671875 0.26884765625 0.253515625
7 0.555615234375 0.507763671875 0.80673828125 0.37802734375
5 0.4158203125 0.660498046875 0.140625 0.05400390625
7 0.250634765625 0.522314453125 0.05791015625 0.08505859375
7 0.317431640625 0.547314453125 0.06708984375 0.14541015625
7 0.461962890625 0.571435546875 0.17041015625 0.05380859375
5 0.50283203125 0.6349609375 0.2783203125 0.117578125
5 0.5846679687499999 0.5937011718749999 0.147265625 0.08896484375
1 0.670556640625 0.55244140625 0.17333984375 0.060546875
5 0.660888671875 0.638916015625 0.12041015625 0.08896484375
5 0.376171875 0.49599609375 0.0931640625 0.068359375
5 0.27578125000000003 0.58984375 0.048046875 0.035546875
5 0.487451171875 0.53125 0.07958984375 0.0546875
5 0.4181640625 0.414013671875 0.097265625 0.05205078125
7 0.24560546875 0.47421875 0.10703125 0.06640625
0 0.674853515625 0.6814453125000001 0.05986328125 0.023828125
