1 0.68876953125 0.3875 0.0748046875 0.1078125
1 0.710693359375 0.507080078125 0.10712890625 0.07236328125
1 0.768798828125 0.480224609375 0.09951171875 0.11552734375
1 0.515771484375 0.63974609375 0.67431640625 0.32578125
1 0.61044921875 0.47866210937500003 0.19609375 0.07587890625
1 0.6167480468750001 0.43466796875 0.16982421875 0.091015625
1 0.558837890625 0.38291015625 0.18486328125 0.1259765625
1 0.36391601562500003 0.732568359375 0.20908203125 0.10166015625
1 0.16264648437499998 0.5943359375 0.06806640625 0.1310546875
1 0.27734375 0.55400390625 0.1904296875 0.09453125
1 0.4310546875 0.4408203125 0.064453125 0.119921875
