7 0.25458984375 0.576611328125 0.3458984375 0.32783203125
7 0.581982421875 0.54208984375 0.37568359375 0.33359375
0 0.614892578125 0.568408203125 0.04931640625 0.06396484375
1 0.720849609375 0.7376953125 0.55751953125 0.4005859375
1 0.79287109375 0.66533203125 0.3806640625 0.304296875
7 0.5678222656249999 0.752490234375 0.11240234375 0.15576171875
5 0.809228515625 0.744384765625 0.37041015625 0.23935546875
1 0.5950195312500001 0.48354492187500003 0.08828125 0.09150390625
5 0.5437988281249999 0.5212890625000001 0.06650390625 0.058984375
1 0.6536132812500001 0.501611328125 0.1703125 0.12373046875
