1 0.572802734375 0.27890625 0.09990234375 0.1505859375
1 0.58828125 0.340478515625 0.1904296875 0.19638671875
1 0.59873046875 0.37153320312500004 0.23046875 0.20927734375
1 0.64384765625 0.33676757812499997 0.1044921875 0.08427734375
1 0.48310546875000004 0.273974609375 0.0958984375 0.24033203125
7 0.05751953125 0.286376953125 0.1150390625 0.19521484375
7 0.04892578125 0.460546875 0.0978515625 0.3640625
7 0.37832031250000003 0.44370117187499997 0.2466796875 0.24111328125
7 0.650146484375 0.47060546875 0.30361328125 0.226953125
7 0.55556640625 0.641357421875 0.3015625 0.35166015625
7 0.202880859375 0.539208984375 0.38193359375 0.32587890625
7 0.297607421875 0.7422363281250001 0.51123046875 0.46259765625
1 0.24624023437499998 0.8182617187500001 0.35419921875 0.2728515625
