7 0.252734375 0.615869140625 0.257421875 0.40908203125
7 0.402392578125 0.719384765625 0.29833984375 0.55458984375
7 0.72861328125 0.31923828125 0.1453125 0.353515625
7 0.71220703125 0.79033203125 0.30234375 0.269140625
7 0.5794921875 0.44013671875000004 0.5091796875 0.5171875
7 0.7778808593750001 0.2490234375 0.07412109375 0.230859375
1 0.405517578125 0.18134765625 0.09130859375 0.153125
1 0.47495117187499997 0.089794921875 0.04814453125 0.03271484375
1 0.46181640625 0.127685546875 0.0248046875 0.04501953125
7 0.45209960937500004 0.150830078125 0.10810546875 0.14951171875
5 0.382666015625 0.24091796875000002 0.04267578125 0.034765625
1 0.506689453125 0.155712890625 0.20185546875 0.23876953125
0 0.757861328125 0.22353515624999998 0.05185546875 0.0787109375
0 0.5959960937500001 0.09873046875 0.0109375 0.1974609375
0 0.40107421875 0.2662109375 0.0376953125 0.114453125
0 0.479736328125 0.6028320312500001 0.03544921875 0.03046875
