3 0.61142578125 0.502490234375 0.075390625 0.10908203125
7 0.722021484375 0.438720703125 0.14716796875 0.04658203125
7 0.711962890625 0.491357421875 0.21689453125 0.11806640625
7 0.7306640625 0.7015625 0.4732421875 0.3564453125
5 0.75380859375 0.761376953125 0.0505859375 0.04169921875
5 0.7974609374999999 0.783642578125 0.038671875 0.04638671875
7 0.482177734375 0.5013671875 0.16533203125 0.1490234375
1 0.280712890625 0.5240234375 0.33330078125 0.2197265625
7 0.33251953125 0.685986328125 0.426953125 0.25791015625
0 0.200927734375 0.58427734375 0.08037109375 0.1001953125
1 0.245849609375 0.4556640625 0.31181640625 0.18671875
5 0.735009765625 0.773681640625 0.10087890625 0.09150390625
5 0.749365234375 0.69140625 0.12763671875 0.1376953125
3 0.659716796875 0.47646484375 0.04697265625 0.0228515625
3 0.770654296875 0.47373046874999997 0.04267578125 0.018359375
