9 0.27685546875 0.97998046875 0.2068359375 0.0392578125
9 0.783251953125 0.7365234375 0.23193359375 0.526171875
9 0.33320312500000004 0.9343750000000001 0.3140625 0.1302734375
9 0.32685546875 0.8828125 0.2904296875 0.079296875
9 0.327490234375 0.802880859375 0.28798828125 0.20380859375
9 0.3431640625 0.662158203125 0.2953125 0.17236328125
9 0.77587890625 0.2546875 0.2748046875 0.509375
9 0.650390625 0.7314453125 0.1384765625 0.536328125
9 0.33696289062499996 0.608447265625 0.26650390625 0.14501953125
9 0.355712890625 0.521630859375 0.29345703125 0.14873046875
9 0.372705078125 0.29208984375 0.30302734375 0.187109375
9 0.38203125 0.054736328125 0.30703125 0.10947265625
9 0.372412109375 0.13193359375 0.29384765625 0.2638671875
9 0.37299804687500004 0.410107421875 0.31767578125 0.18955078125
9 0.539501953125 0.748193359375 0.16240234375 0.50283203125
9 0.5925781250000001 0.2458984375 0.18203125 0.491796875
