5 0.468115234375 0.67001953125 0.06025390625 0.0734375
5 0.196826171875 0.794775390625 0.07314453125 0.15576171875
5 0.2486328125 0.8135253906250001 0.1232421875 0.17861328125
5 0.230078125 0.563525390625 0.3271484375 0.23212890625
5 0.247998046875 0.94052734375 0.13291015625 0.114453125
5 0.270068359375 0.700927734375 0.11708984375 0.08564453125
5 0.487109375 0.625 0.1046875 0.1474609375
5 0.37001953125 0.473681640625 0.3740234375 0.42099609375
5 0.420849609375 0.3251953125 0.03916015625 0.0333984375
5 0.486376953125 0.354833984375 0.10517578125 0.08798828125
0 0.461376953125 0.3677734375 0.07412109375 0.09921875
5 0.5115722656249999 0.43833007812499997 0.02060546875 0.05791015625
5 0.56787109375 0.46591796875 0.107421875 0.213671875
5 0.357568359375 0.73076171875 0.20166015625 0.4642578125
5 0.473974609375 0.7779296875 0.17314453125 0.1888671875
5 0.630908203125 0.564599609375 0.17705078125 0.41630859375
1 0.679345703125 0.267578125 0.06103515625 0.0701171875
5 0.904248046875 0.129345703125 0.02880859375 0.03837890625
7 0.9716796875 0.121826171875 0.0560546875 0.11279296875
1 0.984716796875 0.204638671875 0.02998046875 0.06279296875
1 0.969580078125 0.234814453125 0.06025390625 0.15810546875
1 0.8279296875 0.23300781250000002 0.253515625 0.362109375
1 0.679833984375 0.1181640625 0.12900390625 0.12265625
2 0.8039062499999999 0.1388671875 0.1802734375 0.2314453125
1 0.5513671875 0.342236328125 0.3943359375 0.08330078125
5 0.443603515625 0.266162109375 0.46455078125 0.10712890625
0 0.39345703125 0.294482421875 0.0478515625 0.05458984375
5 0.515380859375 0.15625 0.44345703125 0.21328125
1 0.8599609375 0.340478515625 0.1525390625 0.10283203125
1 0.857421875 0.42373046875000003 0.284765625 0.3111328125
5 0.73798828125 0.43154296875 0.101953125 0.510546875
0 0.8408203125 0.44775390625 0.1359375 0.0873046875
