0 0.49990234375 0.499853515625 0.9998046875 0.99970703125
4 0.905859375 0.941259765625 0.0525390625 0.11689453125
4 0.6984375 0.976416015625 0.080078125 0.04658203125
4 0.784765625 0.94111328125 0.13671875 0.1171875
4 0.761767578125 0.987255859375 0.11650390625 0.02490234375
4 0.6644042968749999 0.923486328125 0.17294921875 0.15244140625
4 0.430029296875 0.955859375 0.12822265625 0.0876953125
4 0.5259765625 0.933447265625 0.26328125 0.13251953125
4 0.122802734375 0.931689453125 0.13408203125 0.13603515625
4 0.27568359375 0.9302734375 0.2185546875 0.1388671875
5 0.22724609375 0.80859375 0.2677734375 0.1814453125
4 0.61826171875 0.8110839843750001 0.160546875 0.14931640625
4 0.555712890625 0.779052734375 0.57548828125 0.21669921875
4 0.23247070312499998 0.6384765625 0.45009765625 0.198828125
4 0.0173828125 0.77099609375 0.034765625 0.1322265625
4 0.064794921875 0.8599609375 0.12958984375 0.2794921875
