7 0.41337890625 0.2814453125 0.0634765625 0.090234375
1 0.602392578125 0.278125 0.40048828125 0.267578125
7 0.567431640625 0.301708984375 0.17392578125 0.14658203125
3 0.6400878906249999 0.223583984375 0.12138671875 0.17783203125
5 0.7331054687499999 0.35986328125 0.18125 0.0560546875
7 0.954052734375 0.24428710937499998 0.09130859375 0.08779296875
0 0.8809082031250001 0.268310546875 0.02314453125 0.06396484375
5 0.879296875 0.3708984375 0.09921875 0.1490234375
1 0.87255859375 0.37065429687499996 0.103515625 0.06865234375
1 0.5975097656249999 0.577490234375 0.62431640625 0.41142578125
1 0.280712890625 0.64736328125 0.29365234375 0.30703125
7 0.90478515625 0.778076171875 0.18984375 0.28525390625
