1 0.50283203125 0.47880859375 0.4658203125 0.38515625
1 0.69296875 0.400390625 0.0919921875 0.175390625
0 0.535009765625 0.29453125 0.14990234375 0.1640625
1 0.48369140625 0.39755859375 0.058203125 0.1857421875
0 0.5681640625 0.34736328125 0.1177734375 0.185546875
0 0.515771484375 0.43374023437500003 0.11318359375 0.13388671875
0 0.533251953125 0.49189453125 0.07236328125 0.017578125
1 0.45571289062500003 0.39697265625 0.07236328125 0.175390625
0 0.423291015625 0.41181640625 0.04052734375 0.072265625
1 0.3990234375 0.44921875 0.0498046875 0.0703125
1 0.383056640625 0.341796875 0.08623046875 0.277734375
0 0.44672851562500004 0.296435546875 0.05439453125 0.09072265625
1 0.37944335937499996 0.411474609375 0.03154296875 0.13974609375
7 0.35732421875 0.341455078125 0.1556640625 0.27802734375
5 0.456787109375 0.48344726562499996 0.06455078125 0.01298828125
0 0.49887695312499997 0.51083984375 0.05498046875 0.042578125
0 0.501171875 0.640966796875 0.045703125 0.02802734375
7 0.0306640625 0.492822265625 0.061328125 0.34892578125
1 0.611865234375 0.42197265625 0.13798828125 0.1716796875
