1 0.552490234375 0.5333007812499999 0.65361328125 0.3734375
1 0.5861328125 0.21123046875 0.4314453125 0.232421875
1 0.590380859375 0.270263671875 0.40537109375 0.15947265625
1 0.564208984375 0.2884765625 0.34833984375 0.1486328125
1 0.427685546875 0.5681640625 0.21240234375 0.108984375
1 0.636865234375 0.5244628906250001 0.25810546875 0.11220703125
1 0.486376953125 0.46455078125 0.41494140625 0.181640625
0 0.26674804687500003 0.436962890625 0.03583984375 0.08486328125
0 0.833935546875 0.55498046875 0.20888671875 0.0623046875
0 0.32333984375 0.5810058593749999 0.0216796875 0.05966796875
7 0.5982421874999999 0.5458496093749999 0.06796875 0.03623046875
