1 0.557861328125 0.589404296875 0.77275390625 0.38017578125
5 0.30478515625 0.622265625 0.068359375 0.0703125
7 0.597119140625 0.66943359375 0.09443359375 0.0263671875
6 0.7703125 0.60341796875 0.415625 0.22421875
7 0.5728027343750001 0.05947265625 0.21376953125 0.1189453125
7 0.222802734375 0.18056640625 0.04755859375 0.06015625
5 0.5025390625 0.072119140625 0.0623046875 0.07412109375
7 0.371435546875 0.1958984375 0.32880859375 0.391796875
7 0.7825683593749999 0.225244140625 0.43447265625 0.45048828125
0 0.7550292968750001 0.39985351562500004 0.20791015625 0.17939453125
7 0.513623046875 0.39985351562500004 0.60458984375 0.55439453125
