7 0.811767578125 0.531884765625 0.05458984375 0.14384765625
7 0.787109375 0.5712890625 0.0349609375 0.0658203125
2 0.17368164062500002 0.25566406249999996 0.10439453125 0.15546875
1 0.1796875 0.26435546875 0.0890625 0.1107421875
5 0.15576171875 0.165478515625 0.09921875 0.09091796875
7 0.44970703125 0.49482421875 0.2685546875 0.655078125
7 0.695654296875 0.543994140625 0.29912109375 0.73349609375
7 0.667138671875 0.243408203125 0.04912109375 0.04169921875
7 0.5997070312499999 0.20732421875 0.101171875 0.0681640625
7 0.766357421875 0.23876953125 0.11259765625 0.0515625
7 0.66953125 0.20703125 0.0369140625 0.0357421875
7 0.720654296875 0.1900390625 0.04736328125 0.0314453125
1 0.21201171875 0.804443359375 0.30703125 0.05126953125
0 0.2083984375 0.7513183593749999 0.0724609375 0.09189453125
3 0.211767578125 0.889501953125 0.28369140625 0.22021484375
7 0.605517578125 0.219580078125 0.07763671875 0.05419921875
