7 0.942626953125 0.382568359375 0.11435546875 0.46826171875
7 0.807861328125 0.41982421875 0.28544921875 0.4818359375
1 0.68671875 0.39863281250000004 0.0927734375 0.2166015625
1 0.59912109375 0.37138671874999996 0.096484375 0.1150390625
1 0.548583984375 0.39052734375 0.09775390625 0.06484375
1 0.427587890625 0.36171875000000003 0.17314453125 0.0806640625
1 0.476708984375 0.587451171875 0.58876953125 0.47919921875
1 0.645751953125 0.456396484375 0.11533203125 0.08466796875
1 0.468896484375 0.65126953125 0.14306640625 0.0439453125
1 0.4916015625 0.512255859375 0.26640625 0.25263671875
