0 0.260986328125 0.15771484375 0.40498046875 0.1388671875
7 0.560546875 0.495263671875 0.878515625 0.50498046875
5 0.1833984375 0.32011718749999996 0.07265625 0.092578125
5 0.346826171875 0.5744140625 0.14208984375 0.191796875
5 0.9681640625 0.356787109375 0.06328125 0.06416015625
5 0.7126953125 0.24140625 0.0810546875 0.0568359375
7 0.58125 0.483447265625 0.43671875 0.19912109375
7 0.6437499999999999 0.50693359375 0.1599609375 0.2056640625
7 0.50791015625 0.549072265625 0.253515625 0.14912109375
4 0.5072265625 0.5043457031249999 0.1875 0.83134765625
