7 0.09228515625 0.6615234375000001 0.1845703125 0.4322265625
7 0.30234375 0.57275390625 0.3060546875 0.55625
5 0.43759765624999997 0.521484375 0.199609375 0.2314453125
7 0.52392578125 0.642822265625 0.3271484375 0.40478515625
7 0.982470703125 0.459326171875 0.03447265625 0.14482421875
7 0.82626953125 0.358642578125 0.2234375 0.57900390625
7 0.769287109375 0.61572265625 0.28369140625 0.4623046875
7 0.6531250000000001 0.9198242187500001 0.216015625 0.1498046875
7 0.596240234375 0.466455078125 0.12548828125 0.17158203125
7 0.288427734375 0.198388671875 0.20185546875 0.24931640625
7 0.464013671875 0.85830078125 0.14677734375 0.223828125
0 0.218359375 0.37900390625 0.0568359375 0.17265625
3 0.283056640625 0.3146484375 0.07412109375 0.047265625
0 0.36093749999999997 0.386572265625 0.1048828125 0.16728515625
7 0.018212890625 0.607177734375 0.03642578125 0.19111328125
7 0.144482421875 0.4578125 0.06279296875 0.090234375
