1 0.08828125 0.22622070312499998 0.1765625 0.29365234375
7 0.157275390625 0.64287109375 0.21728515625 0.4193359375
0 0.37338867187499997 0.90859375 0.13466796875 0.1822265625
0 0.32451171875 0.76533203125 0.0900390625 0.13125
1 0.2498046875 0.9005859374999999 0.1166015625 0.198046875
1 0.194091796875 0.518212890625 0.04443359375 0.06279296875
7 0.325439453125 0.625341796875 0.29267578125 0.36572265625
7 0.58564453125 0.650439453125 0.234375 0.36240234375
7 0.4599609375 0.488916015625 0.2279296875 0.30986328125
1 0.267578125 0.2962890625 0.3962890625 0.3869140625
7 0.8487304687499999 0.618701171875 0.277734375 0.36904296875
5 0.351806640625 0.3111328125 0.02705078125 0.083984375
1 0.2873046875 0.253759765625 0.171875 0.22255859375
5 0.86865234375 0.640771484375 0.1029296875 0.08701171875
0 0.91806640625 0.6412109375 0.0662109375 0.08203125
5 0.8842285156249999 0.6808593749999999 0.09775390625 0.0291015625
