7 0.908935546875 0.18193359375 0.18154296875 0.221484375
7 0.69365234375 0.28994140625 0.612109375 0.5798828125
6 0.694580078125 0.2833984375 0.53798828125 0.3703125
7 0.138720703125 0.365234375 0.27744140625 0.35390625
6 0.529248046875 0.377099609375 0.66298828125 0.49384765625
1 0.353173828125 0.47187500000000004 0.48681640625 0.2755859375
1 0.436328125 0.422607421875 0.2232421875 0.13837890625
2 0.279736328125 0.45786132812499997 0.09658203125 0.05009765625
2 0.36704101562499997 0.46586914062499996 0.09990234375 0.06376953125
1 0.279150390625 0.487060546875 0.29169921875 0.06201171875
6 0.37119140624999997 0.680908203125 0.530078125 0.18876953125
0 0.491845703125 0.6090820312499999 0.17158203125 0.080859375
0 0.2111328125 0.66787109375 0.194140625 0.012890625
0 0.49814453125 0.6620117187500001 0.262890625 0.043359375
