1 0.22963867187499998 0.371630859375 0.36806640625 0.14853515625
1 0.683984375 0.326416015625 0.155078125 0.06201171875
1 0.6982421875 0.376220703125 0.34296875 0.10322265625
1 0.56455078125 0.34492187500000004 0.2427734375 0.1515625
1 0.385888671875 0.32133789062499996 0.19580078125 0.12919921875
1 0.2041015625 0.51015625 0.1845703125 0.1453125
1 0.678515625 0.46240234375 0.5224609375 0.0994140625
1 0.43369140625 0.4693359375 0.4474609375 0.08359375
1 0.57490234375 0.5460449218750001 0.685546875 0.07216796875
1 0.38740234375 0.393505859375 0.120703125 0.04443359375
1 0.664013671875 0.26708984375 0.33271484375 0.080859375
1 0.87734375 0.38369140625000003 0.2447265625 0.191015625
1 0.7997558593749999 0.408984375 0.22978515625 0.0927734375
