4 0.17548828125 0.862060546875 0.3509765625 0.27509765625
6 0.28544921875 0.675439453125 0.1830078125 0.43291015625
6 0.366552734375 0.538671875 0.18798828125 0.4470703125
6 0.504052734375 0.68154296875 0.14208984375 0.2017578125
6 0.44746093750000004 0.45888671875 0.2931640625 0.3515625
6 0.463427734375 0.361962890625 0.06025390625 0.08037109375
7 0.535986328125 0.173095703125 0.25947265625 0.34619140625
1 0.565234375 0.26503906250000003 0.1150390625 0.096875
0 0.72119140625 0.339794921875 0.2068359375 0.21396484375
0 0.677978515625 0.9605957031250001 0.16396484375 0.07802734375
7 0.6943359375 0.609619140625 0.4501953125 0.67431640625
0 0.5860351562499999 0.6800781250000001 0.038671875 0.047265625
0 0.79501953125 0.9811035156250001 0.028515625 0.03701171875
1 0.8853515625 0.39912109375000004 0.0890625 0.07734375
