9 0.9579589843749999 0.946142578125 0.08330078125 0.10712890625
9 0.9505859375 0.7475097656249999 0.0982421875 0.14287109375
9 0.7759765625 0.164208984375 0.0849609375 0.32841796875
9 0.76591796875 0.36748046874999996 0.08203125 0.278515625
9 0.881298828125 0.39399414062500004 0.22822265625 0.55380859375
9 0.8525390625 0.207470703125 0.1421875 0.41494140625
9 0.95322265625 0.258056640625 0.09296875 0.18623046875
9 0.9528320312499999 0.1630859375 0.0935546875 0.326171875
9 0.976806640625 0.15185546875 0.04560546875 0.2794921875
9 0.984912109375 0.390625 0.02939453125 0.0580078125
9 0.80009765625 0.928173828125 0.15703125 0.14306640625
9 0.866748046875 0.937353515625 0.15341796875 0.12470703125
9 0.52978515625 0.517333984375 0.8697265625 0.77626953125
