5 0.78134765625 0.20156249999999998 0.1009765625 0.219921875
1 0.502978515625 0.24072265625 0.10322265625 0.21953125
1 0.47988281250000003 0.30947265625 0.038671875 0.1130859375
7 0.429443359375 0.400439453125 0.12724609375 0.11376953125
7 0.279150390625 0.676611328125 0.31572265625 0.57275390625
1 0.6617187499999999 0.360107421875 0.3373046875 0.46826171875
1 0.6779296875 0.23833007812499998 0.2001953125 0.16572265625
7 0.51005859375 0.649365234375 0.2765625 0.59228515625
1 0.56728515625 0.163134765625 0.111328125 0.12529296875
0 0.207421875 0.440185546875 0.111328125 0.15673828125
5 0.44492187499999997 0.45737304687499997 0.055078125 0.12236328125
0 0.446484375 0.447900390625 0.1607421875 0.08427734375
1 0.64462890625 0.14599609375 0.106640625 0.1498046875
1 0.561474609375 0.189794921875 0.06298828125 0.11181640625
1 0.620849609375 0.238232421875 0.04931640625 0.02216796875
1 0.6033203125 0.26455078125000003 0.065234375 0.075390625
1 0.61904296875 0.353271484375 0.0173828125 0.04658203125
