7 0.5443359375 0.2826171875 0.3525390625 0.1451171875
7 0.6749023437499999 0.48017578125 0.2943359375 0.30703125
0 0.3716796875 0.52666015625 0.4146484375 0.4927734375
6 0.432421875 0.33125 0.103515625 0.0369140625
5 0.27119140625 0.3375 0.06015625 0.033203125
7 0.30693359375 0.355029296875 0.06484375 0.05732421875
0 0.33544921875 0.315087890625 0.01484375 0.03994140625
5 0.34506835937499997 0.34453125 0.07509765625 0.0595703125
1 0.37734375 0.37138671875 0.1044921875 0.0890625
0 0.37504882812499996 0.83603515625 0.20966796875 0.174609375
