1 0.840087890625 0.05869140625 0.14306640625 0.1173828125
1 0.4564453125 0.024658203125 0.1525390625 0.04931640625
1 0.6668457031249999 0.0419921875 0.29013671875 0.083984375
1 0.423486328125 0.829150390625 0.84697265625 0.34091796875
1 0.69033203125 0.76572265625 0.1689453125 0.0724609375
1 0.88125 0.8380859374999999 0.237109375 0.323046875
1 0.919970703125 0.55732421875 0.15947265625 0.348828125
1 0.902734375 0.273291015625 0.1939453125 0.54658203125
1 0.93623046875 0.814111328125 0.126953125 0.17060546875
1 0.97666015625 0.60966796875 0.04609375 0.0552734375
1 0.9572265625 0.6206542968750001 0.048828125 0.04560546875
1 0.859765625 0.607763671875 0.0458984375 0.11376953125
1 0.200439453125 0.057373046875 0.40029296875 0.11474609375
1 0.7574707031250001 0.7435546875 0.12099609375 0.0552734375
1 0.0712890625 0.413037109375 0.142578125 0.26318359375
1 0.059765625 0.405810546875 0.11953125 0.22158203125
1 0.488916015625 0.510400390625 0.69912109375 0.45869140625
1 0.52666015625 0.57490234375 0.6818359375 0.3984375
1 0.5679687499999999 0.556591796875 0.4642578125 0.22685546875
1 0.497021484375 0.35219726562500003 0.92216796875 0.50458984375
1 0.408740234375 0.19638671875 0.81748046875 0.31875
