1 0.567138671875 0.665283203125 0.04697265625 0.17041015625
1 0.680419921875 0.663330078125 0.27412109375 0.18330078125
1 0.58759765625 0.621142578125 0.0654296875 0.09892578125
1 0.6033203125000001 0.632666015625 0.0724609375 0.08486328125
1 0.588134765625 0.6111328125 0.05849609375 0.07890625
1 0.715966796875 0.61767578125 0.17724609375 0.1029296875
1 0.682568359375 0.61201171875 0.24072265625 0.0900390625
1 0.7125 0.28598632812499997 0.0267578125 0.07939453125
1 0.709814453125 0.28173828125 0.02080078125 0.058984375
1 0.6978515625 0.4677734375 0.26484375 0.4072265625
1 0.61142578125 0.378076171875 0.1818359375 0.38173828125
1 0.350048828125 0.424658203125 0.37470703125 0.43076171875
1 0.2283203125 0.5851562499999999 0.028125 0.08359375
1 0.368408203125 0.40673828125 0.34990234375 0.450390625
1 0.21923828125 0.5052734375 0.0595703125 0.222265625
1 0.349853515625 0.389404296875 0.42587890625 0.47275390625
1 0.35634765625 0.39052734375 0.430859375 0.4669921875
1 0.352294921875 0.377099609375 0.44873046875 0.45361328125
