0 0.042919921875 0.131591796875 0.08583984375 0.26318359375
7 0.441455078125 0.44672851562500004 0.88291015625 0.54697265625
0 0.73388671875 0.5892578125 0.132421875 0.1541015625
0 0.47890625 0.6194335937500001 0.1671875 0.1984375
3 0.44990234375 0.4826171875 0.0654296875 0.245703125
0 0.505322265625 0.39335937499999996 0.09150390625 0.1603515625
0 0.518896484375 0.6360351562500001 0.06201171875 0.13984375
0 0.5322265625 0.5823242187500001 0.0525390625 0.0462890625
6 0.55390625 0.50859375 0.2546875 0.13359375
6 0.596875 0.626806640625 0.173828125 0.14912109375
3 0.7311035156250001 0.510205078125 0.08779296875 0.10380859375
7 0.41376953125000004 0.484912109375 0.059765625 0.17294921875
0 0.47915039062500003 0.30888671875 0.03916015625 0.144140625
6 0.572607421875 0.2587890625 0.22001953125 0.094921875
6 0.76044921875 0.261279296875 0.158203125 0.13623046875
5 0.23378906249999998 0.373291015625 0.112890625 0.17060546875
0 0.33515625 0.411572265625 0.1361328125 0.34560546875
0 0.35625 0.383056640625 0.07265625 0.20400390625
0 0.4017578125 0.60205078125 0.2013671875 0.180859375
0 0.20576171875 0.352490234375 0.2646484375 0.35322265625
0 0.21923828125 0.269287109375 0.0412109375 0.06181640625
