0 0.33701171875 0.37685546875 0.0390625 0.0166015625
0 0.95771484375 0.5054199218750001 0.083984375 0.05751953125
0 0.8954589843749999 0.54267578125 0.20830078125 0.0248046875
0 0.715234375 0.679541015625 0.1970703125 0.08427734375
0 0.7164550781250001 0.660107421875 0.25888671875 0.07958984375
0 0.87470703125 0.589501953125 0.25 0.06943359375
0 0.463623046875 0.74775390625 0.10517578125 0.0634765625
0 0.201904296875 0.774462890625 0.04130859375 0.05087890625
0 0.059667968749999994 0.5734375 0.03671875 0.0341796875
0 0.13046875 0.7897460937499999 0.026171875 0.0369140625
2 0.5211914062499999 0.67470703125 0.1421875 0.1083984375
2 0.335498046875 0.5672363281249999 0.23837890625 0.36708984375
0 0.58828125 0.5810058593749999 0.0595703125 0.03642578125
0 0.670654296875 0.571337890625 0.11044921875 0.17685546875
2 0.599853515625 0.5190917968750001 0.13095703125 0.08974609375
5 0.4837890625 0.47685546875 0.109765625 0.2279296875
