1 0.5372070312499999 0.41733398437499997 0.26015625 0.09853515625
1 0.293310546875 0.49667968749999997 0.34462890625 0.246484375
0 0.24394531249999998 0.52412109375 0.0919921875 0.0490234375
3 0.8719238281249999 0.2576171875 0.02744140625 0.0251953125
3 0.47500000000000003 0.29428710937499997 0.0373046875 0.04384765625
3 0.46079101562499997 0.326904296875 0.02919921875 0.03056640625
3 0.4853515625 0.393359375 0.037890625 0.029296875
3 0.28447265625 0.49775390625000004 0.1099609375 0.0900390625
3 0.401025390625 0.33466796875 0.02373046875 0.0291015625
3 0.58876953125 0.2861328125 0.0751953125 0.044921875
3 0.38603515625 0.365478515625 0.0341796875 0.03388671875
3 0.37353515625 0.333154296875 0.0462890625 0.03212890625
3 0.366943359375 0.346240234375 0.03994140625 0.03798828125
3 0.25595703125 0.38818359375 0.0853515625 0.035546875
3 0.298291015625 0.35063476562499996 0.11748046875 0.04423828125
3 0.0876953125 0.49951171875 0.066015625 0.0623046875
3 0.12294921875 0.48212890625 0.08046875 0.0544921875
3 0.62646484375 0.33945312499999997 0.08046875 0.0681640625
3 0.611865234375 0.37250976562500004 0.08017578125 0.03193359375
3 0.58837890625 0.387939453125 0.0541015625 0.03623046875
3 0.549951171875 0.389697265625 0.04658203125 0.03583984375
3 0.5865234375 0.352734375 0.0498046875 0.044921875
3 0.53896484375 0.267138671875 0.040234375 0.03818359375
3 0.59052734375 0.264501953125 0.0931640625 0.06337890625
3 0.5073730468750001 0.27304687499999997 0.04482421875 0.0291015625
3 0.536328125 0.29838867187499996 0.098046875 0.03251953125
3 0.543505859375 0.327880859375 0.09345703125 0.03251953125
3 0.519775390625 0.34672851562499996 0.10673828125 0.06767578125
3 0.152294921875 0.5234375 0.15302734375 0.0958984375
3 0.04052734375 0.4826171875 0.0810546875 0.062109375
3 0.0837890625 0.448876953125 0.0703125 0.04189453125
3 0.145068359375 0.4404296875 0.07431640625 0.0666015625
3 0.197216796875 0.4427734375 0.08076171875 0.072265625
3 0.187646484375 0.40615234375000003 0.06103515625 0.040625
3 0.23427734375 0.42636718749999997 0.0720703125 0.0662109375
3 0.393115234375 0.31352539062499996 0.03388671875 0.02080078125
3 0.42812500000000003 0.31826171875 0.042578125 0.056640625
3 0.48681640625 0.36494140625 0.1033203125 0.05625
3 0.39306640625 0.414404296875 0.1310546875 0.05185546875
3 0.32832031250000004 0.43320312499999997 0.1345703125 0.0642578125
9 0.300048828125 0.44863281250000003 0.10302734375 0.0666015625
9 0.327099609375 0.37998046874999997 0.10732421875 0.051171875
3 0.43505859375 0.37705078125 0.089453125 0.0587890625
3 0.8286621093750001 0.27255859375 0.06708984375 0.0451171875
1 0.03486328125 0.634521484375 0.0697265625 0.08076171875
3 0.05712890625 0.5935546875 0.113671875 0.034765625
