0 0.36259765625 0.423388671875 0.168359375 0.06298828125
0 0.52412109375 0.291162109375 0.1951171875 0.07939453125
3 0.1134765625 0.917236328125 0.11640625 0.09794921875
5 0.8746582031250001 0.267724609375 0.13759765625 0.14853515625
5 0.880615234375 0.383056640625 0.15869140625 0.09697265625
5 0.7466796875 0.213427734375 0.2638671875 0.16494140625
5 0.85595703125 0.238232421875 0.0625 0.03798828125
3 0.8953125000000001 0.232763671875 0.0638671875 0.04189453125
0 0.93291015625 0.320751953125 0.13359375 0.31005859375
0 0.79501953125 0.3193359375 0.1025390625 0.1232421875
0 0.7819335937499999 0.407177734375 0.0916015625 0.09501953125
5 0.73876953125 0.20219726562499998 0.2876953125 0.13544921875
3 0.524365234375 0.3470703125 0.47060546875 0.199609375
0 0.8719726562500001 0.564208984375 0.2552734375 0.30205078125
0 0.65439453125 0.387646484375 0.1951171875 0.22373046875
0 0.691015625 0.307666015625 0.0419921875 0.07568359375
0 0.81455078125 0.5919921874999999 0.1845703125 0.2232421875
5 0.7311523437499999 0.568212890625 0.0291015625 0.09423828125
3 0.201220703125 0.41767578125 0.18291015625 0.1130859375
5 0.236279296875 0.5349609375 0.19873046875 0.185546875
0 0.381591796875 0.4990234375 0.17529296875 0.2078125
3 0.022314453125 0.564990234375 0.04462890625 0.22275390625
0 0.19658203125 0.656201171875 0.3931640625 0.45732421875
0 0.563818359375 0.704345703125 0.35712890625 0.53720703125
0 0.6847167968750001 0.17060546875 0.09560546875 0.075390625
3 0.023291015625 0.816845703125 0.04658203125 0.09248046875
