7 0.30224609375 0.518798828125 0.1654296875 0.13818359375
7 0.47031249999999997 0.62578125 0.0681640625 0.1484375
7 0.36870117187499996 0.60859375 0.18232421875 0.4513671875
7 0.8690429687500001 0.552197265625 0.15078125 0.31279296875
7 0.674560546875 0.49208984375000003 0.39677734375 0.5138671875
7 0.567724609375 0.825439453125 0.25498046875 0.22685546875
7 0.223486328125 0.725341796875 0.17060546875 0.38857421875
7 0.433935546875 0.526953125 0.15498046875 0.2595703125
7 0.390625 0.39213867187499996 0.1220703125 0.15009765625
0 0.40463867187499997 0.3046875 0.06474609375 0.12265625
0 0.408056640625 0.2013671875 0.02353515625 0.1064453125
0 0.51630859375 0.022509765625 0.095703125 0.04501953125
0 0.508837890625 0.05888671875 0.11982421875 0.1177734375
0 0.55263671875 0.103369140625 0.0357421875 0.04267578125
