2 0.64521484375 0.6507812500000001 0.0275390625 0.0443359375
7 0.3087890625 0.37924804687499997 0.055078125 0.09853515625
1 0.19956054687500002 0.50087890625 0.11728515625 0.1802734375
1 0.27880859375 0.556982421875 0.1552734375 0.07900390625
7 0.1861328125 0.604150390625 0.039453125 0.07138671875
7 0.6982421875 0.35693359375 0.1619140625 0.15703125
1 0.80703125 0.5033203125 0.1939453125 0.248046875
7 0.681884765625 0.528759765625 0.22490234375 0.29228515625
7 0.559375 0.379736328125 0.140625 0.20068359375
7 0.492724609375 0.43149414062499997 0.13466796875 0.12099609375
7 0.843115234375 0.3427734375 0.07314453125 0.090234375
1 0.8107421874999999 0.386572265625 0.112109375 0.08994140625
1 0.8469726562500001 0.42128906250000003 0.0724609375 0.036328125
7 0.494970703125 0.601318359375 0.30302734375 0.31708984375
1 0.2873046875 0.702001953125 0.1177734375 0.11572265625
1 0.2671875 0.60830078125 0.153515625 0.0611328125
7 0.2669921875 0.6140625 0.153515625 0.101171875
6 0.208203125 0.40751953125 0.0865234375 0.13125
0 0.172607421875 0.4107421875 0.01142578125 0.05625
0 0.19711914062500002 0.4181640625 0.03818359375 0.0591796875
7 0.29326171875 0.456884765625 0.0880859375 0.14384765625
0 0.167431640625 0.46279296875000003 0.04365234375 0.0982421875
7 0.8046875 0.376171875 0.05234375 0.0267578125
