3 0.6460937499999999 0.5939453125 0.3685546875 0.5615234375
5 0.6618164062499999 0.40986328125 0.1138671875 0.07109375
5 0.559814453125 0.339892578125 0.07490234375 0.07138671875
5 0.7734375 0.451904296875 0.06171875 0.08896484375
3 0.642529296875 0.39472656250000004 0.04638671875 0.0314453125
7 0.809912109375 0.72919921875 0.06025390625 0.3115234375
5 0.106298828125 0.3060546875 0.21259765625 0.612109375
5 0.16865234375 0.676220703125 0.3373046875 0.64677734375
5 0.320263671875 0.346728515625 0.38466796875 0.69345703125
5 0.3966796875 0.658251953125 0.2353515625 0.68291015625
