0 0.8092285156250001 0.54638671875 0.38095703125 0.413671875
7 0.898681640625 0.818115234375 0.20205078125 0.36337890625
7 0.713623046875 0.760693359375 0.29560546875 0.25244140625
1 0.26796875 0.41508789062499996 0.1279296875 0.15107421875
1 0.33071289062500003 0.5490234375 0.04892578125 0.201171875
1 0.48334960937500004 0.6456054687499999 0.31318359375 0.3041015625
1 0.59130859375 0.438134765625 0.6845703125 0.41298828125
1 0.561865234375 0.276025390625 0.06220703125 0.05205078125
0 0.932080078125 0.250048828125 0.13525390625 0.06845703125
0 0.808056640625 0.18916015625 0.38330078125 0.107421875
