7 0.8576171875 0.101416015625 0.1154296875 0.04365234375
7 0.788916015625 0.13173828125 0.07509765625 0.04765625
7 0.5322265625 0.1560546875 0.069140625 0.029296875
7 0.484619140625 0.278955078125 0.27080078125 0.25771484375
0 0.395849609375 0.189013671875 0.08271484375 0.08583984375
1 0.486279296875 0.19340820312499998 0.08037109375 0.04560546875
3 0.18764648437499998 0.455224609375 0.05654296875 0.03798828125
7 0.242041015625 0.5882812500000001 0.35908203125 0.3833984375
1 0.8123046875000001 0.615673828125 0.051953125 0.04833984375
7 0.5488769531250001 0.41513671875 0.24599609375 0.1884765625
1 0.515185546875 0.349609375 0.04228515625 0.0275390625
1 0.49853515625 0.375732421875 0.077734375 0.04072265625
1 0.6111328125 0.37900390624999997 0.0515625 0.0228515625
1 0.538671875 0.66953125 0.5529296875 0.4595703125
0 0.634423828125 0.675732421875 0.14912109375 0.14208984375
7 0.034277343749999994 0.400927734375 0.0486328125 0.02353515625
