7 0.26884765625 0.65908203125 0.2435546875 0.4708984375
1 0.40952148437499997 0.45205078125 0.04814453125 0.083984375
1 0.483544921875 0.45595703125 0.10986328125 0.2109375
1 0.44526367187500004 0.520361328125 0.13115234375 0.08896484375
1 0.494921875 0.7339355468750001 0.237890625 0.31318359375
1 0.480517578125 0.660205078125 0.19619140625 0.20537109375
1 0.471337890625 0.623681640625 0.19814453125 0.17392578125
1 0.731689453125 0.7509765625 0.29716796875 0.376953125
1 0.6717285156249999 0.7353027343749999 0.14755859375 0.24833984375
1 0.796630859375 0.64267578125 0.12744140625 0.2470703125
1 0.7595703125000001 0.68701171875 0.0423828125 0.1583984375
1 0.8116210937499999 0.6560546875 0.0826171875 0.2109375
7 0.628564453125 0.355810546875 0.34794921875 0.71162109375
