7 0.691162109375 0.6920898437499999 0.61708984375 0.315234375
0 0.40380859375 0.7291992187499999 0.032421875 0.0515625
2 0.4189453125 0.737060546875 0.0515625 0.05849609375
0 0.656689453125 0.563720703125 0.21162109375 0.16416015625
0 0.168359375 0.345263671875 0.284375 0.12744140625
0 0.450634765625 0.36459960937499997 0.41572265625 0.21279296875
0 0.510400390625 0.347802734375 0.18349609375 0.14013671875
0 0.2318359375 0.500048828125 0.269140625 0.23662109375
5 0.10087890625 0.450439453125 0.2017578125 0.26142578125
7 0.128125 0.71787109375 0.21328125 0.091015625
0 0.42905273437499997 0.043017578125 0.08427734375 0.06376953125
