7 0.430712890625 0.60068359375 0.27353515625 0.284765625
7 0.689697265625 0.36494140625 0.34873046875 0.5419921875
0 0.721826171875 0.73232421875 0.05087890625 0.0896484375
0 0.729248046875 0.8334472656249999 0.07119140625 0.11142578125
1 0.301611328125 0.756103515625 0.30556640625 0.39912109375
1 0.26611328125 0.744580078125 0.1736328125 0.29072265625
0 0.298193359375 0.45170898437499996 0.05380859375 0.04228515625
0 0.24677734375 0.37978515625 0.05703125 0.112109375
1 0.19394531250000002 0.134130859375 0.06796875 0.08037109375
0 0.14287109375 0.175 0.044140625 0.03046875
0 0.028076171875 0.40639648437500003 0.05361328125 0.04365234375
