1 0.760205078125 0.629833984375 0.09326171875 0.04931640625
1 0.762109375 0.603662109375 0.0515625 0.06708984375
1 0.8002441406249999 0.785400390625 0.20810546875 0.10517578125
1 0.533740234375 0.7587890625 0.57392578125 0.2900390625
1 0.739697265625 0.5899902343750001 0.04287109375 0.03310546875
1 0.751708984375 0.52724609375 0.05849609375 0.1021484375
1 0.765625 0.5203125 0.0708984375 0.0234375
1 0.449609375 0.537890625 0.595703125 0.2390625
1 0.315869140625 0.08447265625 0.07119140625 0.081640625
1 0.46562499999999996 0.340771484375 0.5046875 0.48974609375
1 0.5751953125 0.326220703125 0.0853515625 0.01357421875
1 0.63544921875 0.264208984375 0.351171875 0.12099609375
1 0.49013671875 0.231982421875 0.0810546875 0.10478515625
0 0.516064453125 0.5773437499999999 0.07568359375 0.0515625
0 0.39926757812499997 0.76962890625 0.01884765625 0.271484375
1 0.71591796875 0.70986328125 0.0458984375 0.1220703125
1 0.7009765625 0.68515625 0.017578125 0.0734375
1 0.7870605468749999 0.7103027343749999 0.02255859375 0.04892578125
5 0.97578125 0.453173828125 0.0478515625 0.13388671875
