5 0.734375 0.971435546875 0.0525390625 0.05654296875
7 0.7324707031250001 0.85234375 0.21748046875 0.159765625
7 0.572412109375 0.684716796875 0.32587890625 0.41240234375
7 0.93916015625 0.521728515625 0.1212890625 0.29931640625
7 0.815380859375 0.625 0.32314453125 0.3458984375
1 0.87841796875 0.7833984375 0.126953125 0.105859375
1 0.61875 0.9404296875 0.1904296875 0.118359375
1 0.428466796875 0.28623046875 0.43232421875 0.4943359375
1 0.24853515625 0.6363769531250001 0.430078125 0.50693359375
0 0.06279296875 0.7670410156249999 0.06796875 0.04599609375
1 0.34770507812499996 0.6022460937499999 0.04912109375 0.18125
1 0.301123046875 0.47421875 0.22568359375 0.3716796875
5 0.28857421875 0.410009765625 0.091015625 0.09189453125
0 0.6382812499999999 0.8578125 0.081640625 0.0767578125
