1 0.19892578125000002 0.3619140625 0.0486328125 0.0419921875
7 0.17548828125 0.60185546875 0.03046875 0.0390625
1 0.722509765625 0.33476562499999996 0.04462890625 0.03203125
1 0.6970703125 0.28374023437499996 0.033984375 0.03837890625
1 0.400146484375 0.9244140625 0.10439453125 0.137890625
1 0.35454101562499996 0.90888671875 0.06865234375 0.0638671875
7 0.288720703125 0.879638671875 0.03076171875 0.11572265625
5 0.2771484375 0.690185546875 0.048828125 0.05556640625
1 0.295166015625 0.7068359375000001 0.04013671875 0.0638671875
1 0.291357421875 0.748876953125 0.04443359375 0.08232421875
5 0.53798828125 0.919921875 0.1443359375 0.159375
5 0.6099609375 0.83046875 0.039453125 0.055859375
5 0.644140625 0.8799316406250001 0.0595703125 0.09658203125
5 0.717724609375 0.8550292968750001 0.04658203125 0.05654296875
6 0.659521484375 0.6094726562499999 0.05458984375 0.06015625
1 0.64560546875 0.708203125 0.1046875 0.185546875
1 0.5951171875000001 0.5634277343749999 0.0697265625 0.06279296875
1 0.840478515625 0.569921875 0.19990234375 0.202734375
2 0.809814453125 0.461376953125 0.07197265625 0.04501953125
6 0.86279296875 0.467578125 0.1205078125 0.06015625
1 0.9049804687499999 0.36552734374999996 0.0486328125 0.03203125
1 0.9706054687500001 0.49765625 0.0423828125 0.036328125
0 0.946533203125 0.346533203125 0.05478515625 0.05419921875
1 0.9822265625 0.434326171875 0.0349609375 0.04990234375
7 0.97373046875 0.378515625 0.04609375 0.0625
1 0.679541015625 0.268212890625 0.05361328125 0.04697265625
1 0.6263183593749999 0.36562500000000003 0.05478515625 0.03671875
1 0.6504882812499999 0.3857421875 0.0396484375 0.0591796875
7 0.660888671875 0.43837890625000003 0.24033203125 0.11875
7 0.75107421875 0.339794921875 0.0671875 0.08427734375
1 0.5883300781249999 0.430908203125 0.01884765625 0.03701171875
1 0.43740234375 0.527099609375 0.355859375 0.37431640625
1 0.207568359375 0.539404296875 0.11357421875 0.17529296875
1 0.287939453125 0.54267578125 0.16025390625 0.092578125
1 0.38828125 0.443798828125 0.3390625 0.21298828125
1 0.349365234375 0.40673828125 0.42587890625 0.3525390625
1 0.36103515625000004 0.29677734375 0.331640625 0.353515625
7 0.465576171875 0.69794921875 0.27880859375 0.3912109375
7 0.38852539062499997 0.589453125 0.06669921875 0.0935546875
7 0.604248046875 0.10576171875000001 0.08408203125 0.109765625
