5 0.036572265625 0.60576171875 0.07314453125 0.06015625
5 0.03623046875 0.5949218749999999 0.0724609375 0.04765625
5 0.035693359375 0.5906250000000001 0.07138671875 0.0482421875
5 0.0349609375 0.58251953125 0.069921875 0.055859375
7 0.07441406249999999 0.24223632812499998 0.0525390625 0.05849609375
7 0.0322265625 0.286083984375 0.064453125 0.09853515625
7 0.12412109375 0.34150390625 0.2482421875 0.3138671875
7 0.313720703125 0.30576171875 0.16572265625 0.2265625
7 0.154833984375 0.504150390625 0.17431640625 0.22060546875
7 0.584814453125 0.458544921875 0.08876953125 0.05654296875
7 0.47216796875 0.332373046875 0.1689453125 0.26787109375
7 0.3755859375 0.38559570312499997 0.0791015625 0.08330078125
7 0.40810546875000003 0.49785156249999996 0.0900390625 0.1775390625
7 0.271826171875 0.57470703125 0.26982421875 0.3736328125
1 0.583984375 0.4826171875 0.0826171875 0.0796875
1 0.503076171875 0.466064453125 0.10791015625 0.16767578125
2 0.5479003906250001 0.568603515625 0.08779296875 0.04267578125
7 0.44023437499999996 0.60576171875 0.1994140625 0.31875
5 0.687255859375 0.44794921875 0.10966796875 0.0830078125
6 0.792578125 0.619189453125 0.3787109375 0.40771484375
1 0.8503906250000001 0.470703125 0.1193359375 0.13125
1 0.77822265625 0.495068359375 0.189453125 0.12236328125
0 0.8752929687500001 0.6112304687500001 0.0412109375 0.0677734375
7 0.873876953125 0.571240234375 0.07119140625 0.07509765625
1 0.792041015625 0.5782226562499999 0.15849609375 0.1392578125
0 0.7916015625 0.608447265625 0.3779296875 0.19638671875
