1 0.891162109375 0.5693359375 0.21689453125 0.1728515625
3 0.5672851562500001 0.252880859375 0.090234375 0.09248046875
1 0.7275390625 0.34619140625 0.38359375 0.299609375
1 0.75498046875 0.4921875 0.1111328125 0.03046875
1 0.542138671875 0.45219726562499996 0.41767578125 0.34990234375
5 0.53173828125 0.369677734375 0.0978515625 0.04736328125
3 0.5935546875000001 0.391259765625 0.06484375 0.03896484375
7 0.444287109375 0.332080078125 0.07373046875 0.05361328125
7 0.472900390625 0.34379882812499996 0.09521484375 0.04814453125
5 0.475390625 0.362841796875 0.081640625 0.04267578125
3 0.655712890625 0.43022460937499996 0.05556640625 0.03154296875
3 0.5836425781250001 0.422412109375 0.09658203125 0.03720703125
5 0.496142578125 0.3916015625 0.04462890625 0.029296875
5 0.5507324218749999 0.386572265625 0.08037109375 0.05185546875
7 0.25336914062500004 0.53623046875 0.27451171875 0.2544921875
