5 0.115576171875 0.537744140625 0.23115234375 0.36611328125
6 0.2810546875 0.60048828125 0.1607421875 0.11015625
4 0.14404296875 0.620751953125 0.237109375 0.17060546875
5 0.146044921875 0.402783203125 0.20009765625 0.13291015625
5 0.197607421875 0.41533203125 0.07373046875 0.112890625
2 0.140576171875 0.415185546875 0.12431640625 0.09130859375
7 0.35732421875 0.4171875 0.28671875 0.3095703125
6 0.228369140625 0.69482421875 0.15576171875 0.0984375
5 0.187646484375 0.6767578125 0.06513671875 0.070703125
4 0.33295898437500004 0.660205078125 0.06611328125 0.06005859375
0 0.6393554687499999 0.639794921875 0.0796875 0.05380859375
5 0.099365234375 0.7545898437499999 0.19873046875 0.1158203125
4 0.8535644531250001 0.47021484375 0.15810546875 0.112109375
5 0.91513671875 0.584423828125 0.1689453125 0.18974609375
5 0.75048828125 0.7058593750000001 0.430859375 0.2609375
5 0.413330078125 0.739453125 0.43779296875 0.2060546875
5 0.40756835937499997 0.46562499999999996 0.28603515625 0.4357421875
5 0.902978515625 0.428857421875 0.19345703125 0.12255859375
5 0.772998046875 0.334375 0.07177734375 0.0927734375
5 0.758056640625 0.55205078125 0.20068359375 0.1423828125
2 0.629296875 0.45053710937499997 0.3630859375 0.31923828125
5 0.29072265625 0.955712890625 0.0787109375 0.06025390625
