7 0.984033203125 0.512060546875 0.03154296875 0.10810546875
1 0.1541015625 0.564306640625 0.252734375 0.44345703125
1 0.16474609375 0.44873046875 0.09296875 0.1455078125
1 0.495751953125 0.600830078125 0.24052734375 0.25263671875
7 0.888671875 0.6202148437499999 0.222265625 0.25625
7 0.764892578125 0.49267578125 0.17216796875 0.1626953125
7 0.6982421875 0.6372558593750001 0.2041015625 0.23017578125
3 0.41689453125000003 0.5248535156249999 0.0357421875 0.03837890625
5 0.4001953125 0.520947265625 0.0294921875 0.03798828125
6 0.4537109375 0.514404296875 0.0533203125 0.03271484375
3 0.571728515625 0.5433105468749999 0.06201171875 0.02841796875
