1 0.425439453125 0.49819335937500003 0.01513671875 0.04462890625
1 0.462939453125 0.291796875 0.04189453125 0.05390625
7 0.013037109375 0.32011718749999996 0.02607421875 0.1349609375
7 0.07451171875 0.48183593750000003 0.1490234375 0.265234375
1 0.14833984375 0.646142578125 0.22421875 0.25927734375
1 0.485693359375 0.673388671875 0.05283203125 0.07041015625
1 0.34013671874999996 0.6509765624999999 0.32265625 0.2767578125
1 0.469140625 0.42753906249999996 0.043359375 0.0720703125
1 0.151904296875 0.631103515625 0.11533203125 0.12138671875
1 0.44130859375000003 0.448046875 0.03046875 0.0615234375
1 0.50537109375 0.4291015625 0.0458984375 0.0830078125
1 0.4765625 0.525 0.091015625 0.129296875
1 0.92158203125 0.350048828125 0.15625 0.13720703125
1 0.78779296875 0.251806640625 0.1232421875 0.17431640625
1 0.302685546875 0.47749023437500004 0.32666015625 0.48349609375
1 0.940771484375 0.5712890625 0.11806640625 0.319140625
1 0.61123046875 0.23505859375 0.328125 0.31875
1 0.590625 0.24443359375 0.1931640625 0.1865234375
1 0.5806152343750001 0.57412109375 0.14736328125 0.3849609375
1 0.74365234375 0.351220703125 0.153515625 0.05751953125
1 0.7622558593750001 0.53701171875 0.22939453125 0.284375
1 0.7719238281249999 0.4701171875 0.22490234375 0.30390625
1 0.587841796875 0.393701171875 0.11904296875 0.11806640625
1 0.489892578125 0.822265625 0.20986328125 0.288671875
1 0.417919921875 0.3232421875 0.02529296875 0.0525390625
