0 0.82138671875 0.46625976562500004 0.3564453125 0.42412109375
0 0.11142578125 0.38330078125 0.2228515625 0.40703125
1 0.507421875 0.74853515625 0.7046875 0.3025390625
7 0.506103515625 0.779150390625 0.71591796875 0.36083984375
1 0.41455078125 0.757666015625 0.1068359375 0.04716796875
1 0.5529296875 0.7548828125 0.1845703125 0.1267578125
6 0.293603515625 0.68984375 0.18583984375 0.1158203125
0 0.32080078125 0.728466796875 0.0376953125 0.00947265625
0 0.306689453125 0.72900390625 0.14248046875 0.0552734375
1 0.439111328125 0.62509765625 0.61376953125 0.331640625
0 0.5842773437500001 0.701416015625 0.034375 0.06103515625
1 0.471728515625 0.33857421875 0.65380859375 0.6498046875
0 0.6572265625 0.299169921875 0.0552734375 0.09248046875
0 0.34013671874999996 0.114599609375 0.11015625 0.08134765625
