5 0.481884765625 0.278466796875 0.13388671875 0.15810546875
4 0.9404296875 0.5537109375 0.1185546875 0.2509765625
6 0.9103515625 0.8826171875000001 0.1322265625 0.1302734375
0 0.5571777343750001 0.735302734375 0.09345703125 0.11806640625
2 0.3951171875 0.410888671875 0.2703125 0.36806640625
2 0.36181640625 0.7261718749999999 0.237109375 0.27578125
7 0.6451171875 0.836474609375 0.25 0.13720703125
7 0.5986328125 0.93154296875 0.2205078125 0.09453125
0 0.52353515625 0.963916015625 0.090234375 0.07138671875
5 0.8717285156250001 0.919189453125 0.24501953125 0.16103515625
0 0.94501953125 0.878271484375 0.109375 0.15009765625
0 0.803564453125 0.535400390625 0.24404296875 0.42197265625
5 0.970703125 0.4248046875 0.0580078125 0.202734375
2 0.229443359375 0.38955078125 0.19697265625 0.2513671875
5 0.6580078125000001 0.26533203125 0.180078125 0.3025390625
0 0.564453125 0.24589843749999998 0.07734375 0.1154296875
1 0.37197265625 0.46083984375 0.1765625 0.23046875
2 0.675927734375 0.609765625 0.28095703125 0.3458984375
5 0.7677734375 0.518017578125 0.1818359375 0.24833984375
1 0.74775390625 0.975146484375 0.0322265625 0.04892578125
