7 0.56943359375 0.42099609375 0.0751953125 0.026953125
7 0.838427734375 0.5574218750000001 0.25693359375 0.1185546875
0 0.8794921875 0.696630859375 0.240234375 0.19970703125
7 0.30654296875 0.74111328125 0.1474609375 0.1109375
7 0.37890625 0.482275390625 0.2765625 0.24267578125
7 0.588623046875 0.4177734375 0.10458984375 0.0328125
1 0.562109375 0.477294921875 0.1837890625 0.09677734375
1 0.689697265625 0.505224609375 0.05673828125 0.06923828125
1 0.582275390625 0.643310546875 0.45712890625 0.35595703125
1 0.37216796875 0.551513671875 0.05390625 0.08154296875
1 0.606982421875 0.49443359375 0.04326171875 0.041015625
1 0.5302734375 0.510791015625 0.1552734375 0.09501953125
1 0.651953125 0.51337890625 0.044921875 0.019921875
1 0.484716796875 0.5641601562499999 0.17529296875 0.0474609375
1 0.47080078125 0.6328125 0.2087890625 0.1455078125
1 0.642724609375 0.56123046875 0.15400390625 0.1212890625
1 0.5048828125 0.6525390625 0.1291015625 0.075390625
1 0.597607421875 0.624658203125 0.13232421875 0.09189453125
