7 0.709765625 0.523291015625 0.1904296875 0.38388671875
7 0.548193359375 0.611669921875 0.27158203125 0.52880859375
1 0.293115234375 0.7572265625000001 0.41767578125 0.484765625
1 0.31967773437499997 0.543310546875 0.05302734375 0.07802734375
1 0.21953125 0.722412109375 0.3556640625 0.28408203125
1 0.365478515625 0.67314453125 0.15205078125 0.077734375
2 0.3458984375 0.773486328125 0.11484375 0.24072265625
1 0.574072265625 0.34326171875 0.03994140625 0.0787109375
1 0.581787109375 0.33051757812500004 0.05205078125 0.08369140625
1 0.628515625 0.3099609375 0.0724609375 0.090234375
1 0.677587890625 0.32558593750000003 0.04169921875 0.09296875
1 0.6845703125 0.319482421875 0.03671875 0.09853515625
2 0.6321777343749999 0.3349609375 0.06845703125 0.0853515625
1 0.601806640625 0.370361328125 0.04443359375 0.04228515625
2 0.630859375 0.37978515625 0.0359375 0.0248046875
1 0.117578125 0.745361328125 0.1111328125 0.15341796875
1 0.181591796875 0.813134765625 0.04072265625 0.03369140625
1 0.170361328125 0.718115234375 0.07041015625 0.19013671875
1 0.195556640625 0.7587890625 0.01708984375 0.07109375
1 0.19370117187500002 0.683251953125 0.04013671875 0.12568359375
1 0.22695312499999998 0.7190429687500001 0.090234375 0.219921875
1 0.266796875 0.7669921875 0.1689453125 0.2046875
2 0.25185546875 0.757568359375 0.054296875 0.09658203125
2 0.2861328125 0.763671875 0.08359375 0.10546875
1 0.37216796875 0.785693359375 0.078125 0.14091796875
1 0.298486328125 0.5608398437500001 0.03798828125 0.0462890625
5 0.48828125 0.40859375 0.0708984375 0.0849609375
5 0.53525390625 0.419140625 0.1259765625 0.0658203125
5 0.50693359375 0.437841796875 0.058984375 0.07470703125
5 0.459716796875 0.48212890625000004 0.09794921875 0.131640625
1 0.48974609375 0.805078125 0.0578125 0.069140625
