1 0.26806640625 0.46591796875 0.0916015625 0.1892578125
6 0.500341796875 0.584228515625 0.38427734375 0.25029296875
6 0.523046875 0.46552734375 0.4302734375 0.273828125
6 0.575341796875 0.37041015624999996 0.37099609375 0.2205078125
1 0.3564453125 0.661376953125 0.286328125 0.23486328125
5 0.634130859375 0.666015625 0.13857421875 0.19765625
3 0.7498535156249999 0.7782714843749999 0.19541015625 0.23955078125
3 0.8363281250000001 0.5752929687499999 0.3267578125 0.289453125
5 0.889111328125 0.42822265625 0.05458984375 0.0330078125
5 0.87373046875 0.47304687500000003 0.0939453125 0.0294921875
5 0.8513671875000001 0.52216796875 0.0353515625 0.017578125
0 0.864111328125 0.8080078125 0.27119140625 0.2529296875
7 0.94150390625 0.727685546875 0.11640625 0.32939453125
5 0.14155273437500002 0.11201171875 0.27177734375 0.070703125
5 0.142041015625 0.049365234375 0.27412109375 0.09873046875
