1 0.614111328125 0.6192871093750001 0.24208984375 0.21083984375
1 0.65341796875 0.459228515625 0.1818359375 0.18876953125
1 0.512744140625 0.529443359375 0.27880859375 0.11337890625
1 0.249658203125 0.40419921875 0.03369140625 0.138671875
1 0.575390625 0.276171875 0.25 0.1986328125
1 0.261083984375 0.252099609375 0.24306640625 0.17041015625
1 0.61162109375 0.3515625 0.1240234375 0.1966796875
1 0.415966796875 0.37250976562500004 0.32275390625 0.31845703125
7 0.2650390625 0.70283203125 0.530078125 0.5322265625
1 0.662255859375 0.8052246093750001 0.40908203125 0.22646484375
0 0.4361328125 0.265380859375 0.075390625 0.08974609375
7 0.57685546875 0.5965820312500001 0.098828125 0.039453125
