7 0.146923828125 0.4685546875 0.19267578125 0.3783203125
7 0.263623046875 0.437841796875 0.05654296875 0.07470703125
7 0.343115234375 0.340625 0.13818359375 0.2109375
7 0.350439453125 0.689453125 0.27626953125 0.1693359375
7 0.50234375 0.683154296875 0.127734375 0.18779296875
0 0.341064453125 0.531201171875 0.27978515625 0.26884765625
7 0.6904296875 0.5745117187500001 0.0560546875 0.13125
7 0.925634765625 0.58603515625 0.14833984375 0.265234375
7 0.80986328125 0.73212890625 0.210546875 0.2962890625
7 0.6519531249999999 0.746826171875 0.17734375 0.29599609375
3 0.6409667968749999 0.273779296875 0.14658203125 0.33330078125
7 0.793212890625 0.45205078125 0.19794921875 0.282421875
0 0.547216796875 0.40688476562500003 0.22001953125 0.58759765625
7 0.256103515625 0.688671875 0.07666015625 0.0763671875
