7 0.066845703125 0.669140625 0.13369140625 0.37734375
7 0.07900390625 0.37119140624999997 0.1580078125 0.2357421875
6 0.371728515625 0.703857421875 0.25048828125 0.29599609375
0 0.3689453125 0.685546875 0.2427734375 0.243359375
6 0.20166015625 0.742822265625 0.17265625 0.20068359375
0 0.22592773437500002 0.76591796875 0.11904296875 0.17265625
7 0.020849609375 0.46547851562500003 0.04169921875 0.06318359375
7 0.09946289062500001 0.561376953125 0.18154296875 0.39716796875
7 0.317041015625 0.5779296875 0.07861328125 0.21796875
7 0.581298828125 0.6173828125 0.20087890625 0.2724609375
7 0.662060546875 0.48808593749999996 0.09248046875 0.088671875
7 0.73896484375 0.69345703125 0.2259765625 0.4384765625
7 0.853125 0.578857421875 0.10859375 0.08896484375
7 0.712548828125 0.49091796875 0.06748046875 0.030078125
7 0.6766113281249999 0.752001953125 0.06650390625 0.08330078125
7 0.6939453125 0.8378417968749999 0.1056640625 0.12333984375
7 0.542724609375 0.81044921875 0.11826171875 0.20234375
7 0.5973144531250001 0.7841796875 0.13369140625 0.163671875
7 0.656298828125 0.443994140625 0.06005859375 0.05126953125
1 0.557568359375 0.41547851562500004 0.18505859375 0.29658203125
7 0.45693359375 0.17690429687499998 0.046875 0.05361328125
7 0.34638671875000004 0.349853515625 0.2720703125 0.24072265625
7 0.47001953125 0.276416015625 0.1830078125 0.19970703125
7 0.43427734375 0.13925781250000002 0.0560546875 0.1263671875
7 0.229736328125 0.5419921875 0.19912109375 0.3763671875
5 0.167138671875 0.37978515625000003 0.03525390625 0.0353515625
7 0.155126953125 0.39248046875 0.11533203125 0.0634765625
5 0.10893554687500001 0.403271484375 0.07294921875 0.05126953125
