0 0.519873046875 0.805859375 0.08486328125 0.125
0 0.54111328125 0.69794921875 0.0525390625 0.1603515625
1 0.764208984375 0.579052734375 0.41240234375 0.65146484375
1 0.1708984375 0.6013671875 0.222265625 0.28203125
1 0.17294921875 0.57685546875 0.1837890625 0.1689453125
1 0.294580078125 0.2103515625 0.22548828125 0.340625
1 0.338232421875 0.28374023437499996 0.19541015625 0.23017578125
1 0.465576171875 0.274365234375 0.21630859375 0.18818359375
1 0.37509765625 0.3544921875 0.116796875 0.0859375
1 0.47294921875 0.339453125 0.0431640625 0.0400390625
1 0.39350585937500004 0.515087890625 0.30283203125 0.57373046875
