0 0.205859375 0.747705078125 0.08828125 0.11181640625
1 0.95283203125 0.615576171875 0.09375 0.16630859375
0 0.975732421875 0.6845214843749999 0.03173828125 0.04892578125
1 0.4314453125 0.43901367187499996 0.862890625 0.17158203125
6 0.762646484375 0.6580078125 0.26337890625 0.2982421875
1 0.5794433593749999 0.574267578125 0.02451171875 0.05322265625
1 0.59521484375 0.719091796875 0.097265625 0.26884765625
0 0.6173339843750001 0.7125976562499999 0.05556640625 0.144140625
1 0.48095703125 0.5335449218749999 0.074609375 0.04990234375
1 0.707177734375 0.63701171875 0.25517578125 0.2939453125
1 0.40849609374999996 0.7010253906249999 0.325390625 0.32802734375
1 0.41191406249999996 0.7154785156250001 0.23359375 0.12001953125
1 0.47197265625 0.580810546875 0.0615234375 0.08232421875
1 0.41806640624999997 0.624267578125 0.0984375 0.07998046875
1 0.35507812499999997 0.7181152343749999 0.06328125 0.07041015625
1 0.483349609375 0.672314453125 0.22763671875 0.15673828125
0 0.134814453125 0.890478515625 0.02509765625 0.05419921875
1 0.028515625 0.6461425781250001 0.05703125 0.28701171875
0 0.174658203125 0.8210937500000001 0.04814453125 0.0443359375
0 0.110888671875 0.751611328125 0.18798828125 0.14814453125
0 0.08466796875 0.8103515625000001 0.1470703125 0.1583984375
1 0.25732421875 0.483740234375 0.3796875 0.42060546875
1 0.205126953125 0.5536132812500001 0.24052734375 0.308203125
0 0.19384765625 0.48564453125 0.0671875 0.094921875
