1 0.726220703125 0.21645507812499998 0.20732421875 0.19345703125
1 0.749365234375 0.23540039062499998 0.11181640625 0.08662109375
7 0.49262695312500004 0.19365234375 0.13017578125 0.1392578125
1 0.62548828125 0.34970703125 0.242578125 0.346875
7 0.11904296875 0.35263671875 0.2380859375 0.4017578125
1 0.2478515625 0.529052734375 0.08359375 0.07802734375
5 0.50537109375 0.38901367187499997 0.1009765625 0.05849609375
1 0.512646484375 0.52578125 0.20986328125 0.16796875
7 0.216162109375 0.22392578125 0.26318359375 0.4021484375
5 0.67294921875 0.898681640625 0.2353515625 0.20205078125
5 0.14521484375 0.85595703125 0.1931640625 0.0896484375
1 0.406494140625 0.70771484375 0.36259765625 0.390234375
5 0.16875 0.9481933593749999 0.296875 0.10283203125
7 0.128466796875 0.66875 0.25693359375 0.456640625
6 0.325927734375 0.306005859375 0.38095703125 0.44541015625
1 0.381787109375 0.586767578125 0.20810546875 0.33427734375
1 0.36083984375 0.547119140625 0.0837890625 0.08759765625
7 0.39384765625 0.5379882812500001 0.05703125 0.0482421875
1 0.514990234375 0.451416015625 0.16689453125 0.06943359375
7 0.657470703125 0.31552734375 0.16513671875 0.2619140625
7 0.780517578125 0.5173828125 0.28525390625 0.3177734375
2 0.738037109375 0.548828125 0.05302734375 0.0658203125
5 0.700146484375 0.5248046875 0.09423828125 0.114453125
1 0.5693359375 0.374365234375 0.078125 0.07080078125
0 0.5499999999999999 0.357421875 0.0552734375 0.1216796875
1 0.3064453125 0.70322265625 0.07265625 0.0625
