3 0.39501953125 0.2857421875 0.058984375 0.2890625
3 0.50283203125 0.358154296875 0.0671875 0.19580078125
1 0.711083984375 0.46464843749999996 0.44794921875 0.7142578125
1 0.405908203125 0.7091796875 0.25126953125 0.5162109375
1 0.20166015625 0.759130859375 0.21328125 0.48115234375
7 0.025048828125 0.34013671875 0.05009765625 0.1478515625
0 0.20771484375000002 0.3771484375 0.0359375 0.034765625
1 0.097412109375 0.344775390625 0.13291015625 0.09755859375
7 0.210498046875 0.3083984375 0.13271484375 0.14453125
3 0.146826171875 0.363232421875 0.05009765625 0.07568359375
