7 0.594921875 0.5615234375 0.0265625 0.06875
1 0.582666015625 0.511083984375 0.02802734375 0.04990234375
5 0.5851074218750001 0.50859375 0.02333984375 0.034375
5 0.56982421875 0.5563476562499999 0.0513671875 0.0796875
7 0.547509765625 0.24951171875 0.21357421875 0.3111328125
1 0.6521972656249999 0.67001953125 0.11533203125 0.1541015625
7 0.7751953125 0.43540039062499997 0.109375 0.12138671875
7 0.780859375 0.4923828125 0.0900390625 0.1845703125
1 0.517529296875 0.844873046875 0.15751953125 0.23212890625
1 0.5666015625 0.6865234375 0.1857421875 0.2400390625
1 0.5630859375 0.735400390625 0.1232421875 0.11240234375
6 0.512451171875 0.69111328125 0.06201171875 0.066796875
7 0.480908203125 0.8285644531249999 0.05205078125 0.08701171875
7 0.5611816406250001 0.819775390625 0.00869140625 0.03310546875
7 0.55419921875 0.82490234375 0.0146484375 0.0400390625
1 0.46396484375 0.78076171875 0.0201171875 0.0720703125
7 0.52978515625 0.8576171874999999 0.055078125 0.030078125
2 0.52216796875 0.8310546875 0.0716796875 0.04765625
7 0.5194824218749999 0.767578125 0.11630859375 0.1177734375
7 0.408740234375 0.370068359375 0.28369140625 0.39150390625
7 0.66875 0.46674804687500004 0.1609375 0.27216796875
5 0.7622558593750001 0.6519042968750001 0.10048828125 0.08564453125
