7 0.16171875000000002 0.584326171875 0.2564453125 0.35849609375
7 0.29033203125 0.32177734375 0.419921875 0.441796875
7 0.385498046875 0.63984375 0.32314453125 0.558203125
7 0.60576171875 0.699853515625 0.45859375 0.59951171875
1 0.39418945312500003 0.947607421875 0.14755859375 0.10419921875
6 0.94931640625 0.881396484375 0.1009765625 0.23642578125
6 0.9580078125 0.725341796875 0.08359375 0.37001953125
0 0.9447265625 0.61474609375 0.11015625 0.0806640625
4 0.410009765625 0.974169921875 0.03076171875 0.05087890625
4 0.45854492187499996 0.9493652343750001 0.14033203125 0.10048828125
