7 0.03671875 0.333056640625 0.0734375 0.08798828125
7 0.07626953125 0.518310546875 0.1525390625 0.35478515625
7 0.153125 0.50556640625 0.122265625 0.1818359375
7 0.18017578125 0.21591796875 0.2482421875 0.4318359375
7 0.2201171875 0.47783203125 0.12578125 0.144140625
7 0.116455078125 0.7552734375 0.23291015625 0.3234375
7 0.45888671875 0.7198730468750001 0.211328125 0.25791015625
0 0.776123046875 0.4740234375 0.00869140625 0.0505859375
7 0.41440429687499997 0.45537109375 0.27333984375 0.3921875
7 0.26689453124999996 0.666357421875 0.2296875 0.40341796875
7 0.6706054687499999 0.62119140625 0.2271484375 0.403125
7 0.8537109375 0.7556640625 0.2619140625 0.4880859375
1 0.21904296874999998 0.556494140625 0.0248046875 0.05751953125
7 0.23515624999999998 0.429541015625 0.0744140625 0.06611328125
7 0.6787109375 0.342626953125 0.346484375 0.58798828125
5 0.6710937499999999 0.07294921875 0.132421875 0.09296875
