7 0.81728515625 0.02119140625 0.1345703125 0.0423828125
7 0.7412109375 0.025048828125 0.1326171875 0.05009765625
1 0.90888671875 0.08740234375 0.1650390625 0.0697265625
7 0.686669921875 0.0876953125 0.07177734375 0.0662109375
7 0.7018554687499999 0.08979492187499999 0.081640625 0.06943359375
1 0.735791015625 0.11713867187499999 0.10322265625 0.09345703125
7 0.44428710937500004 0.20966796875 0.30986328125 0.258203125
5 0.371337890625 0.38642578125 0.09658203125 0.0818359375
6 0.502294921875 0.375341796875 0.18388671875 0.20166015625
5 0.184814453125 0.300537109375 0.06943359375 0.06494140625
1 0.6196777343750001 0.658642578125 0.14619140625 0.10888671875
7 0.46210937500000004 0.584033203125 0.2576171875 0.13193359375
1 0.22768554687499998 0.6549804687499999 0.17958984375 0.1314453125
1 0.274462890625 0.614501953125 0.21630859375 0.17041015625
7 0.200390625 0.69931640625 0.1732421875 0.1296875
7 0.722705078125 0.585107421875 0.42490234375 0.32392578125
0 0.182177734375 0.2560546875 0.01123046875 0.048828125
