5 0.6861328125 0.070751953125 0.09296875 0.14150390625
5 0.7607910156250001 0.142041015625 0.10537109375 0.07041015625
2 0.8318359375 0.16142578125 0.101171875 0.0853515625
1 0.7609375 0.32626953125 0.30703125 0.336328125
5 0.661572265625 0.33833007812500004 0.02802734375 0.06611328125
5 0.571826171875 0.25947265625 0.02353515625 0.0572265625
1 0.734375 0.45849609375 0.1884765625 0.1927734375
0 0.24228515625000002 0.052587890625 0.24453125 0.10517578125
0 0.52802734375 0.09755859375 0.378515625 0.1951171875
0 0.6929199218750001 0.7772949218749999 0.17060546875 0.20537109375
0 0.7955078125 0.678515625 0.2259765625 0.226171875
0 0.7659179687500001 0.5595703125 0.0853515625 0.088671875
1 0.610888671875 0.41884765625 0.17509765625 0.3673828125
5 0.5656249999999999 0.136376953125 0.1802734375 0.20009765625
1 0.3369140625 0.61005859375 0.5642578125 0.4609375
1 0.345458984375 0.6109375 0.55205078125 0.5724609375
5 0.30703125 0.338134765625 0.222265625 0.17099609375
1 0.6875 0.59130859375 0.1701171875 0.1263671875
2 0.61396484375 0.306884765625 0.074609375 0.11376953125
0 0.721435546875 0.31450195312499996 0.06298828125 0.04228515625
0 0.55791015625 0.322412109375 0.4798828125 0.37236328125
3 0.60537109375 0.247509765625 0.0486328125 0.05849609375
0 0.6974121093750001 0.395361328125 0.05361328125 0.05322265625
5 0.74775390625 0.039990234375 0.1185546875 0.07998046875
5 0.749365234375 0.0798828125 0.06123046875 0.0796875
5 0.68798828125 0.08500976562500001 0.064453125 0.08662109375
7 0.3328125 0.4193359375 0.2673828125 0.1951171875
