1 0.85087890625 0.6240234375 0.29765625 0.6462890625
1 0.857763671875 0.39809570312500003 0.28369140625 0.66865234375
1 0.9339843750000001 0.257958984375 0.13125 0.51591796875
1 0.518896484375 0.566455078125 0.48544921875 0.46376953125
1 0.364794921875 0.5080078125 0.05556640625 0.361328125
1 0.544921875 0.537841796875 0.3716796875 0.30087890625
1 0.551318359375 0.643359375 0.32939453125 0.0615234375
1 0.7103515625 0.59091796875 0.0390625 0.1580078125
1 0.541845703125 0.513232421875 0.32373046875 0.30478515625
2 0.53984375 0.64296875 0.30390625 0.0533203125
1 0.538037109375 0.629052734375 0.15478515625 0.02900390625
1 0.63916015625 0.48032226562499997 0.1904296875 0.09794921875
2 0.641845703125 0.4779296875 0.18251953125 0.2361328125
2 0.4404296875 0.455859375 0.125 0.0376953125
2 0.43818359375 0.46220703124999996 0.125 0.0359375
2 0.429931640625 0.52421875 0.13955078125 0.1505859375
1 0.943408203125 0.493798828125 0.11240234375 0.11708984375
0 0.8658691406250001 0.29252929687499996 0.26748046875 0.44423828125
