0 0.5033203125 0.40546875 0.06328125 0.1078125
7 0.47026367187499996 0.6767578125 0.38740234375 0.3912109375
1 0.36494140625 0.348095703125 0.419921875 0.40908203125
1 0.7509277343749999 0.27065429687500003 0.05205078125 0.06513671875
1 0.7848144531250001 0.150634765625 0.07216796875 0.12001953125
1 0.778759765625 0.221435546875 0.06005859375 0.06845703125
1 0.825732421875 0.2873046875 0.07958984375 0.0978515625
2 0.836328125 0.224365234375 0.0708984375 0.09951171875
1 0.981494140625 0.282763671875 0.03642578125 0.07607421875
1 0.92109375 0.392041015625 0.1572265625 0.27548828125
2 0.882568359375 0.24003906249999998 0.06474609375 0.0548828125
1 0.8857421875 0.16630859374999998 0.2279296875 0.27578125
7 0.901953125 0.087451171875 0.195703125 0.17490234375
1 0.646142578125 0.280419921875 0.24755859375 0.37236328125
1 0.6608398437499999 0.229833984375 0.210546875 0.29560546875
0 0.5809570312500001 0.1689453125 0.101953125 0.0720703125
0 0.725341796875 0.256640625 0.04833984375 0.135546875
5 0.6625 0.22968750000000002 0.066015625 0.0611328125
5 0.69541015625 0.24077148437499998 0.0412109375 0.04365234375
1 0.350830078125 0.493359375 0.29541015625 0.2876953125
5 0.41708984375 0.44296875 0.0458984375 0.0400390625
1 0.322314453125 0.594921875 0.06923828125 0.2103515625
4 0.42861328125 0.474755859375 0.0505859375 0.05458984375
5 0.36396484375 0.575390625 0.0984375 0.230859375
5 0.311865234375 0.532763671875 0.04443359375 0.05029296875
