7 0.0693359375 0.6224121093749999 0.138671875 0.55361328125
6 0.8238281249999999 0.714990234375 0.206640625 0.23681640625
6 0.653857421875 0.66435546875 0.20556640625 0.299609375
6 0.6605957031249999 0.558544921875 0.21005859375 0.12958984375
7 0.7645996093749999 0.45781249999999996 0.45439453125 0.36015625
5 0.92421875 0.577392578125 0.0359375 0.08330078125
2 0.8984375 0.557861328125 0.046875 0.07607421875
2 0.890966796875 0.597705078125 0.03095703125 0.03740234375
1 0.876171875 0.54296875 0.0654296875 0.1607421875
1 0.848583984375 0.553271484375 0.09150390625 0.11572265625
7 0.79404296875 0.5256835937500001 0.12578125 0.1478515625
7 0.8531738281250001 0.464111328125 0.02333984375 0.06708984375
5 0.82451171875 0.440966796875 0.05234375 0.05849609375
5 0.7578125 0.47480468750000004 0.07265625 0.0568359375
5 0.7074707031249999 0.44638671875 0.08408203125 0.058203125
5 0.6857421875 0.460791015625 0.0892578125 0.04990234375
7 0.5600097656249999 0.39208984375 0.02080078125 0.034765625
5 0.600341796875 0.465478515625 0.12470703125 0.13330078125
7 0.69072265625 0.39951171874999997 0.21875 0.1283203125
7 0.6925781249999999 0.375634765625 0.175390625 0.12041015625
7 0.689208984375 0.34775390625 0.17705078125 0.1359375
6 0.462646484375 0.679736328125 0.23388671875 0.38662109375
6 0.226953125 0.774609375 0.248046875 0.25234375
0 0.22578125 0.707373046875 0.23984375 0.05888671875
0 0.22978515625 0.735595703125 0.236328125 0.05458984375
6 0.318310546875 0.565625 0.43525390625 0.278125
0 0.318505859375 0.5494628906250001 0.43505859375 0.09755859375
0 0.323486328125 0.579248046875 0.42431640625 0.10947265625
7 0.31923828125 0.231298828125 0.4107421875 0.43349609375
0 0.6593261718750001 0.5060546875 0.03798828125 0.098828125
0 0.70224609375 0.52021484375 0.0890625 0.1078125
