1 0.141357421875 0.9140625 0.28271484375 0.1712890625
1 0.43740234375000003 0.6560546875 0.56171875 0.501953125
0 0.46767578125 0.8427734375 0.0642578125 0.112109375
1 0.42338867187499996 0.5958984375 0.55849609375 0.536328125
1 0.41254882812500004 0.270166015625 0.52158203125 0.54033203125
0 0.29560546875000004 0.10947265625 0.1443359375 0.2189453125
1 0.6395996093749999 0.22705078125 0.04013671875 0.1392578125
0 0.6162597656250001 0.23623046874999998 0.05849609375 0.1001953125
1 0.62099609375 0.290478515625 0.0689453125 0.03271484375
1 0.53583984375 0.09873046875 0.28203125 0.1974609375
1 0.46855468749999996 0.144677734375 0.29765625 0.28935546875
1 0.3111328125 0.149951171875 0.0865234375 0.16240234375
1 0.255322265625 0.21162109375000002 0.15205078125 0.058203125
1 0.202734375 0.15761718749999998 0.0439453125 0.0982421875
