1 0.333154296875 0.516650390625 0.37138671875 0.20537109375
1 0.5830566406250001 0.38881835937500003 0.10517578125 0.05732421875
1 0.5936035156249999 0.428466796875 0.06943359375 0.03447265625
1 0.544873046875 0.45449218750000003 0.14521484375 0.1232421875
1 0.78603515625 0.397119140625 0.4265625 0.30654296875
7 0.912158203125 0.2712890625 0.17490234375 0.07734375
1 0.858740234375 0.19912109374999998 0.10048828125 0.1021484375
1 0.853515625 0.18955078125 0.06015625 0.048828125
1 0.930908203125 0.22587890625 0.13759765625 0.044921875
1 0.9241210937500001 0.201416015625 0.129296875 0.04560546875
1 0.935205078125 0.42607421875 0.12900390625 0.1552734375
1 0.9376953124999999 0.28115234375 0.0935546875 0.03203125
