6 0.184326171875 0.556640625 0.25693359375 0.142578125
1 0.030078125 0.46513671875 0.06015625 0.1490234375
1 0.02265625 0.37958984375000004 0.0453125 0.1857421875
1 0.11992187500000001 0.3978515625 0.1703125 0.1443359375
7 0.14560546875 0.48310546875 0.215234375 0.1259765625
1 0.147998046875 0.482275390625 0.20927734375 0.12626953125
1 0.0873046875 0.6646972656250001 0.174609375 0.25888671875
1 0.089453125 0.605322265625 0.0525390625 0.05927734375
1 0.0826171875 0.64189453125 0.036328125 0.0396484375
1 0.053564453124999994 0.67177734375 0.06279296875 0.0880859375
1 0.05556640625 0.659619140625 0.1111328125 0.20263671875
1 0.535888671875 0.543505859375 0.55791015625 0.34892578125
0 0.47880859374999996 0.506982421875 0.282421875 0.15126953125
0 0.37602539062499996 0.6367675781250001 0.26455078125 0.16396484375
1 0.630810546875 0.44912109375 0.54130859375 0.273828125
7 0.886083984375 0.56181640625 0.11611328125 0.034765625
0 0.01240234375 0.8244140625 0.0248046875 0.0625
