5 0.6541015625 0.20839843749999998 0.09921875 0.1166015625
7 0.7166015625 0.612353515625 0.3392578125 0.28076171875
0 0.746044921875 0.5421875 0.08271484375 0.0595703125
2 0.631298828125 0.5423339843749999 0.07607421875 0.05087890625
6 0.493701171875 0.5303222656250001 0.21689453125 0.16787109375
1 0.50302734375 0.524169921875 0.131640625 0.10341796875
0 0.528955078125 0.6593749999999999 0.07177734375 0.0681640625
1 0.307373046875 0.752734375 0.44150390625 0.3814453125
6 0.6155761718749999 0.783203125 0.28603515625 0.1453125
0 0.473193359375 0.595458984375 0.08994140625 0.02333984375
7 0.50927734375 0.5177734374999999 0.24140625 0.1470703125
