1 0.615185546875 0.202197265625 0.07021484375 0.02880859375
7 0.5380371093749999 0.19130859375 0.08701171875 0.2490234375
7 0.3869140625 0.1994140625 0.2951171875 0.398828125
1 0.6416015625 0.43730468749999996 0.2287109375 0.32109375
7 0.61806640625 0.303564453125 0.2287109375 0.27177734375
1 0.6188476562499999 0.26923828125 0.159765625 0.08203125
7 0.36162109374999996 0.570947265625 0.3869140625 0.50029296875
7 0.7202636718750001 0.614453125 0.24111328125 0.325390625
7 0.572119140625 0.750537109375 0.25888671875 0.41435546875
0 0.60439453125 0.27822265625 0.01640625 0.0439453125
