5 0.748779296875 0.8203125 0.27080078125 0.2271484375
5 0.28095703125000004 0.816015625 0.28984375 0.22265625
5 0.519921875 0.83251953125 0.2451171875 0.205078125
5 0.751171875 0.54697265625 0.3130859375 0.1837890625
5 0.49111328125 0.550048828125 0.2591796875 0.18095703125
9 0.807861328125 0.789453125 0.13603515625 0.159765625
9 0.7238281249999999 0.787158203125 0.14609375 0.15927734375
9 0.5697265625 0.7900390625 0.0953125 0.169921875
9 0.473193359375 0.786767578125 0.10263671875 0.16669921875
9 0.19414062499999998 0.814892578125 0.122265625 0.23525390625
9 0.318017578125 0.8270019531249999 0.17646484375 0.25283203125
9 0.8057128906250001 0.6026855468750001 0.15009765625 0.08291015625
9 0.7190429687500001 0.599658203125 0.1212890625 0.08330078125
9 0.857421875 0.453466796875 0.11796875 0.17158203125
9 0.723291015625 0.453173828125 0.18564453125 0.18173828125
9 0.16464843750000002 0.555810546875 0.18046875 0.19814453125
9 0.2783203125 0.5765625 0.2025390625 0.18828125
9 0.919140625 0.21220703125 0.1298828125 0.1916015625
9 0.762841796875 0.205322265625 0.20341796875 0.18427734375
9 0.158251953125 0.17690429687499998 0.15107421875 0.17646484375
9 0.302392578125 0.188330078125 0.16357421875 0.17158203125
9 0.442822265625 0.18466796875000002 0.10263671875 0.1912109375
9 0.5576171875 0.174853515625 0.1427734375 0.22470703125
