7 0.166064453125 0.5732910156250001 0.11708984375 0.07216796875
1 0.677880859375 0.768603515625 0.46162109375 0.31201171875
1 0.154931640625 0.949755859375 0.30986328125 0.09990234375
7 0.420458984375 0.7690917968750001 0.18154296875 0.26044921875
0 0.275244140625 0.477001953125 0.25693359375 0.24111328125
5 0.278759765625 0.35283203125 0.11708984375 0.080078125
5 0.263232421875 0.375732421875 0.04501953125 0.04365234375
5 0.206884765625 0.405126953125 0.07373046875 0.02451171875
7 0.66845703125 0.737060546875 0.288671875 0.17060546875
7 0.49541015625 0.5970703125 0.3525390625 0.2373046875
1 0.52890625 0.351318359375 0.4236328125 0.23583984375
1 0.46958007812499997 0.29897460937500003 0.12041015625 0.02900390625
1 0.529443359375 0.173828125 0.42861328125 0.2232421875
1 0.5724609375 0.304736328125 0.3029296875 0.04541015625
1 0.076904296875 0.618896484375 0.15380859375 0.23291015625
7 0.17822265625 0.745703125 0.3564453125 0.34453125
1 0.049951171875 0.408203125 0.09990234375 0.2013671875
