7 0.06220703125 0.41708984374999997 0.05625 0.096484375
7 0.09453125000000001 0.41010742187500004 0.109765625 0.15498046875
7 0.49936523437499997 0.350927734375 0.13759765625 0.07138671875
6 0.42705078125 0.403173828125 0.12265625 0.11630859375
6 0.366845703125 0.39077148437500003 0.13720703125 0.14853515625
7 0.841796875 0.28359375 0.153125 0.1177734375
1 0.780078125 0.32167968750000003 0.1177734375 0.044140625
7 0.76640625 0.353271484375 0.1240234375 0.10244140625
1 0.964404296875 0.38505859374999996 0.07041015625 0.0662109375
7 0.873046875 0.3865234375 0.148828125 0.140625
7 0.970751953125 0.47861328125 0.05791015625 0.12578125
1 0.746728515625 0.39687500000000003 0.09990234375 0.0412109375
1 0.6689453125 0.351318359375 0.125 0.09892578125
7 0.630078125 0.390869140625 0.1484375 0.11904296875
1 0.954052734375 0.5510742187500001 0.09130859375 0.0580078125
1 0.918115234375 0.49208984375 0.14384765625 0.0892578125
7 0.773486328125 0.44736328125 0.19775390625 0.0751953125
7 0.6009765625 0.5154785156249999 0.280078125 0.28994140625
7 0.6633789062500001 0.49833984375 0.15078125 0.1048828125
7 0.80986328125 0.600146484375 0.3015625 0.25244140625
5 0.7454101562500001 0.461572265625 0.075390625 0.08583984375
7 0.786865234375 0.46923828125 0.13330078125 0.14140625
5 0.2791015625 0.6331054687500001 0.0568359375 0.0568359375
6 0.415478515625 0.670751953125 0.21396484375 0.16689453125
1 0.2865234375 0.579296875 0.060546875 0.076171875
1 0.371728515625 0.523583984375 0.23212890625 0.21376953125
0 0.30458984375 0.668896484375 0.0185546875 0.11806640625
0 0.15639648437499998 0.712548828125 0.12568359375 0.03720703125
7 0.413818359375 0.81474609375 0.18818359375 0.060546875
7 0.41157226562500004 0.864013671875 0.16240234375 0.07568359375
1 0.22236328125 0.8146484374999999 0.2318359375 0.2224609375
1 0.2123046875 0.913427734375 0.2275390625 0.12099609375
7 0.21811523437500002 0.905322265625 0.20400390625 0.09130859375
0 0.8131835937499999 0.752685546875 0.0701171875 0.06298828125
