1 0.239453125 0.399609375 0.0607421875 0.0830078125
5 0.978515625 0.24072265625 0.0423828125 0.1798828125
1 0.769189453125 0.427587890625 0.09052734375 0.10849609375
7 0.90361328125 0.509912109375 0.1921875 0.39150390625
1 0.087109375 0.38291015625 0.1478515625 0.114453125
5 0.085205078125 0.38706054687499997 0.11982421875 0.09951171875
1 0.095849609375 0.41025390625 0.03896484375 0.0625
1 0.095703125 0.42856445312499997 0.0357421875 0.03837890625
1 0.056396484375 0.47021484375 0.10439453125 0.1263671875
1 0.42021484375 0.68935546875 0.173828125 0.219921875
1 0.147509765625 0.421435546875 0.10166015625 0.12470703125
7 0.35307617187499996 0.417626953125 0.21455078125 0.35380859375
1 0.23085937499999998 0.668798828125 0.2748046875 0.48447265625
6 0.231494140625 0.6305664062499999 0.13564453125 0.1560546875
1 0.15869140625 0.535400390625 0.25 0.33271484375
1 0.5333984375 0.6166015625 0.2021484375 0.293359375
1 0.67802734375 0.566650390625 0.30703125 0.36669921875
1 0.844091796875 0.6827148437499999 0.30732421875 0.38125
1 0.80810546875 0.7472167968750001 0.1673828125 0.20400390625
0 0.22294921875 0.634423828125 0.21875 0.32705078125
