1 0.350927734375 0.66357421875 0.26337890625 0.34296875
1 0.35859375000000004 0.6154296874999999 0.2361328125 0.215625
1 0.339013671875 0.544921875 0.05849609375 0.1474609375
1 0.340625 0.5729492187499999 0.0736328125 0.0591796875
1 0.36557617187499997 0.5224609375 0.08427734375 0.0853515625
6 0.6826660156250001 0.435009765625 0.15400390625 0.16103515625
6 0.6431640625 0.368359375 0.0724609375 0.109765625
3 0.64755859375 0.6 0.15078125 0.3005859375
6 0.625830078125 0.29580078125 0.14013671875 0.120703125
1 0.483251953125 0.378125 0.31220703125 0.33828125
1 0.444091796875 0.59521484375 0.18876953125 0.2275390625
3 0.56279296875 0.721875 0.185546875 0.355859375
