7 0.7462890625 0.7943359375000001 0.27578125 0.4107421875
5 0.34331054687499996 0.905419921875 0.06865234375 0.09130859375
3 0.339794921875 0.8944824218749999 0.05009765625 0.06279296875
1 0.422265625 0.899365234375 0.13515625 0.11279296875
5 0.5416992187499999 0.838330078125 0.0818359375 0.09658203125
1 0.50966796875 0.810986328125 0.0431640625 0.06708984375
0 0.5342773437499999 0.82177734375 0.034765625 0.0396484375
5 0.44814453125 0.8336914062499999 0.1140625 0.1111328125
5 0.426904296875 0.6779296875 0.04833984375 0.0529296875
2 0.31337890625 0.5333984375 0.0330078125 0.1111328125
5 0.4666015625 0.521630859375 0.0845703125 0.04658203125
1 0.369287109375 0.693505859375 0.16669921875 0.37041015625
1 0.47666015625 0.69775390625 0.038671875 0.092578125
2 0.441357421875 0.7478515625000001 0.11337890625 0.137890625
5 0.5994140625000001 0.683349609375 0.0451171875 0.26025390625
5 0.379931640625 0.8125 0.05556640625 0.1435546875
5 0.592822265625 0.75166015625 0.01591796875 0.041015625
5 0.541943359375 0.749169921875 0.09423828125 0.10283203125
5 0.5763671874999999 0.6850097656249999 0.0173828125 0.04599609375
1 0.5390625 0.6587890625 0.09296875 0.1025390625
2 0.57998046875 0.5927734375 0.0294921875 0.03203125
5 0.375244140625 0.4904296875 0.12646484375 0.0615234375
5 0.402490234375 0.42856445312499997 0.14287109375 0.09658203125
5 0.49736328125 0.4501953125 0.1783203125 0.120703125
5 0.52470703125 0.556396484375 0.2462890625 0.22783203125
7 0.791748046875 0.295458984375 0.17236328125 0.20927734375
6 0.429296875 0.18901367187499998 0.3318359375 0.32705078125
0 0.398779296875 0.180078125 0.22119140625 0.3416015625
7 0.6045898437499999 0.24765625 0.20859375 0.32734375
