7 0.17856445312500002 0.8828125 0.12001953125 0.2337890625
1 0.54091796875 0.7552734375 0.4578125 0.1521484375
1 0.23310546875 0.7435546875000001 0.1314453125 0.1888671875
1 0.367626953125 0.7151367187500001 0.32412109375 0.2337890625
1 0.57001953125 0.74111328125 0.2591796875 0.0939453125
1 0.64111328125 0.6951171875000001 0.25 0.0978515625
1 0.613330078125 0.21152343750000002 0.22568359375 0.12734375
1 0.6806640625 0.462451171875 0.414453125 0.44873046875
0 0.591259765625 0.6689941406250001 0.15478515625 0.10517578125
1 0.353271484375 0.7089355468749999 0.22548828125 0.13291015625
1 0.371533203125 0.637890625 0.22119140625 0.109765625
1 0.358544921875 0.506884765625 0.30830078125 0.29228515625
1 0.320947265625 0.37861328125 0.27880859375 0.2427734375
1 0.36396484375000004 0.28671875 0.12421875 0.09921875
1 0.32041015625 0.284765625 0.1453125 0.09921875
