0 0.14697265625 0.7277343749999999 0.0791015625 0.034765625
7 0.140625 0.5529296875 0.2306640625 0.3921875
7 0.309912109375 0.5078125 0.14013671875 0.3482421875
1 0.382373046875 0.46923828125 0.10263671875 0.1951171875
5 0.387890625 0.54462890625 0.0837890625 0.265234375
0 0.233642578125 0.6995605468749999 0.06201171875 0.08896484375
0 0.954443359375 0.8931640624999999 0.09052734375 0.1177734375
0 0.72744140625 0.66982421875 0.0927734375 0.05390625
7 0.7393554687499999 0.479150390625 0.16171875 0.35908203125
7 0.546240234375 0.5730957031249999 0.28544921875 0.51259765625
7 0.88291015625 0.473388671875 0.2078125 0.40439453125
