7 0.1810546875 0.17890625 0.362109375 0.3578125
7 0.43896484375 0.477685546875 0.7767578125 0.84619140625
6 0.2529296875 0.31611328125000004 0.2142578125 0.347265625
6 0.37114257812499996 0.538818359375 0.06669921875 0.18681640625
6 0.395361328125 0.40341796875 0.28076171875 0.347265625
6 0.675830078125 0.41547851562500004 0.14189453125 0.24833984375
6 0.5484375 0.46831054687499996 0.1296875 0.22822265625
6 0.476318359375 0.527490234375 0.18076171875 0.27978515625
6 0.530908203125 0.8036132812500001 0.11630859375 0.191796875
6 0.626025390625 0.779541015625 0.12255859375 0.18349609375
6 0.633056640625 0.6095703125 0.12373046875 0.098828125
6 0.095703125 0.092236328125 0.1294921875 0.16533203125
6 0.14462890625 0.279638671875 0.185546875 0.33564453125
6 0.19565429687500002 0.505078125 0.07041015625 0.129296875
