1 0.182080078125 0.878662109375 0.06748046875 0.10712890625
1 0.061279296875 0.927734375 0.12255859375 0.1021484375
1 0.086669921875 0.9107421875 0.12724609375 0.105859375
1 0.226708984375 0.58701171875 0.24599609375 0.30625
1 0.0955078125 0.90498046875 0.1314453125 0.1068359375
1 0.283447265625 0.764892578125 0.04912109375 0.06083984375
7 0.52314453125 0.8568359375000001 0.5056640625 0.2857421875
1 0.16518554687499998 0.566796875 0.19794921875 0.1779296875
0 0.26171875 0.53037109375 0.01640625 0.034375
1 0.158984375 0.7201171875 0.20390625 0.185546875
1 0.1833984375 0.6077636718749999 0.2224609375 0.17197265625
0 0.30478515624999997 0.591748046875 0.080859375 0.17431640625
1 0.160693359375 0.791796875 0.03720703125 0.0181640625
1 0.17954101562500002 0.709375 0.20732421875 0.17265625
0 0.15791015625 0.83291015625 0.039453125 0.0552734375
1 0.240234375 0.86083984375 0.1267578125 0.1025390625
1 0.25346679687499996 0.87041015625 0.17158203125 0.25859375
1 0.595068359375 0.5255859375 0.05927734375 0.1259765625
7 0.472119140625 0.607958984375 0.39111328125 0.67490234375
5 0.493798828125 0.11030273437499999 0.06005859375 0.14716796875
5 0.5542968749999999 0.0880859375 0.034765625 0.0697265625
5 0.6865234375 0.08037109375 0.0302734375 0.0515625
5 0.703369140625 0.204345703125 0.04267578125 0.32470703125
5 0.656005859375 0.22309570312500002 0.06748046875 0.33701171875
5 0.56650390625 0.09956054687499999 0.049609375 0.09189453125
5 0.506298828125 0.112255859375 0.07314453125 0.12470703125
7 0.520751953125 0.28154296874999996 0.15009765625 0.2748046875
7 0.675732421875 0.22138671875000002 0.17041015625 0.3826171875
0 0.590625 0.271337890625 0.3142578125 0.28798828125
