1 0.790673828125 0.74716796875 0.17529296875 0.1267578125
1 0.49404296875 0.400732421875 0.16796875 0.26533203125
1 0.587939453125 0.384033203125 0.09130859375 0.26806640625
1 0.62255859375 0.426025390625 0.1498046875 0.20712890625
1 0.6705078125 0.455712890625 0.1564453125 0.28896484375
1 0.446728515625 0.35429687499999996 0.05556640625 0.0642578125
1 0.470458984375 0.349853515625 0.06318359375 0.06767578125
1 0.47622070312500003 0.364697265625 0.06220703125 0.03544921875
1 0.52197265625 0.342529296875 0.0439453125 0.07041015625
1 0.54765625 0.327392578125 0.04296875 0.06005859375
1 0.54169921875 0.350537109375 0.034375 0.04091796875
1 0.6812011718750001 0.501513671875 0.16005859375 0.38544921875
0 0.6365234375 0.363330078125 0.1044921875 0.02724609375
