7 0.395556640625 0.2705078125 0.27626953125 0.2109375
7 0.5693847656250001 0.28271484375 0.16298828125 0.1388671875
7 0.44086914062500004 0.36274414062500004 0.12919921875 0.12958984375
7 0.627294921875 0.4697265625 0.24873046875 0.3892578125
6 0.39560546875 0.5665039062499999 0.3859375 0.273828125
6 0.4033203125 0.7544921875 0.3859375 0.3396484375
0 0.4888671875 0.47983398437499997 0.1369140625 0.07998046875
0 0.3728515625 0.5142578125 0.1986328125 0.1302734375
1 0.1208984375 0.64033203125 0.0810546875 0.098828125
7 0.08212890625 0.672119140625 0.0982421875 0.16962890625
7 0.7447753906250001 0.6271484375 0.30751953125 0.461328125
