7 0.74736328125 0.53193359375 0.265625 0.573046875
1 0.2658203125 0.674951171875 0.32734375 0.30419921875
1 0.22568359375000002 0.6284667968750001 0.1791015625 0.09951171875
6 0.323291015625 0.551953125 0.07412109375 0.1044921875
1 0.20224609375 0.41845703125 0.289453125 0.4580078125
1 0.161474609375 0.48115234375 0.09521484375 0.1322265625
1 0.30205078124999996 0.24375 0.0515625 0.0634765625
1 0.216748046875 0.38564453125 0.17158203125 0.28046875
1 0.289306640625 0.30009765624999996 0.04541015625 0.07109375
0 0.2615234375 0.306201171875 0.0587890625 0.06220703125
1 0.202880859375 0.429931640625 0.16025390625 0.21630859375
0 0.37646484375 0.64306640625 0.09921875 0.1755859375
1 0.548681640625 0.530224609375 0.27998046875 0.61337890625
1 0.483154296875 0.379638671875 0.48857421875 0.62099609375
