5 0.278564453125 0.51474609375 0.09326171875 0.1802734375
4 0.32578125 0.2802734375 0.1212890625 0.21796875
4 0.44716796875 0.18300781249999998 0.1974609375 0.17890625
4 0.4248046875 0.314990234375 0.3025390625 0.26884765625
4 0.495751953125 0.40971679687499996 0.17509765625 0.30888671875
4 0.68935546875 0.31562500000000004 0.0955078125 0.4302734375
4 0.789501953125 0.305859375 0.10322265625 0.32734375
4 0.834326171875 0.46499023437500003 0.07685546875 0.19443359375
4 0.831201171875 0.6018554687500001 0.04931640625 0.1078125
4 0.4046875 0.558154296875 0.070703125 0.17587890625
4 0.5005371093750001 0.803564453125 0.08583984375 0.09130859375
4 0.51708984375 0.68056640625 0.2271484375 0.2685546875
4 0.6767089843749999 0.768017578125 0.06865234375 0.10419921875
4 0.5924804687499999 0.83876953125 0.13046875 0.077734375
4 0.64111328125 0.60615234375 0.1166015625 0.269140625
4 0.455859375 0.92412109375 0.283203125 0.151171875
4 0.676953125 0.9052734375 0.168359375 0.1888671875
4 0.9005859375 0.704052734375 0.02578125 0.08466796875
4 0.62880859375 0.266162109375 0.0919921875 0.42724609375
4 0.88466796875 0.858935546875 0.0595703125 0.21591796875
4 0.7415039062500001 0.503515625 0.1515625 0.66171875
4 0.31171875 0.616064453125 0.1517578125 0.41865234375
5 0.829248046875 0.73359375 0.20556640625 0.4943359375
4 0.322119140625 0.816748046875 0.40009765625 0.36572265625
4 0.5279296875 0.470556640625 0.1837890625 0.57412109375
