5 0.284326171875 0.09228515625 0.01416015625 0.0634765625
5 0.412646484375 0.075048828125 0.00693359375 0.05029296875
5 0.735205078125 0.06513671875 0.01064453125 0.06484375
5 0.817822265625 0.06123046875 0.01162109375 0.06484375
9 0.7797363281249999 0.51455078125 0.19345703125 0.851171875
9 0.719775390625 0.369921875 0.09873046875 0.5625
9 0.619384765625 0.373388671875 0.13662109375 0.56220703125
5 0.569921875 0.078564453125 0.0212890625 0.07177734375
9 0.548095703125 0.3794921875 0.22470703125 0.594921875
5 0.5068359375 0.130126953125 0.0552734375 0.16962890625
9 0.297509765625 0.499365234375 0.14658203125 0.75263671875
9 0.411572265625 0.420654296875 0.13271484375 0.65341796875
5 0.6895019531250001 0.113427734375 0.01435546875 0.15478515625
5 0.69482421875 0.11381835937500001 0.0146484375 0.15810546875
5 0.6694824218750001 0.11577148437500001 0.02802734375 0.15810546875
5 0.674267578125 0.1150390625 0.02509765625 0.157421875
5 0.9275390625 0.10014648437500001 0.1443359375 0.14677734375
5 0.91435546875 0.105029296875 0.1708984375 0.15380859375
