1 0.674560546875 0.082861328125 0.14482421875 0.16572265625
1 0.4880859375 0.43466796875 0.8783203125 0.612890625
1 0.27451171875 0.309521484375 0.183203125 0.39482421875
1 0.2974609375 0.265673828125 0.1193359375 0.09326171875
1 0.597705078125 0.24306640624999998 0.25166015625 0.367578125
1 0.51962890625 0.29228515625 0.2337890625 0.304296875
1 0.45073242187499996 0.301171875 0.22490234375 0.324609375
0 0.324267578125 0.263134765625 0.09951171875 0.09326171875
1 0.3998046875 0.39531249999999996 0.1130859375 0.17265625
1 0.324560546875 0.32890625 0.11142578125 0.222265625
1 0.17226562499999998 0.33164062499999997 0.2017578125 0.5173828125
1 0.712158203125 0.07626953125 0.15576171875 0.1525390625
1 0.6509765625 0.380810546875 0.0935546875 0.08310546875
