7 0.8323730468749999 0.61025390625 0.27529296875 0.4818359375
7 0.194970703125 0.148291015625 0.14384765625 0.29658203125
7 0.483154296875 0.029931640625 0.13095703125 0.05986328125
7 0.49150390625 0.10429687500000001 0.1138671875 0.090234375
7 0.130712890625 0.021337890625 0.02236328125 0.04267578125
1 0.215625 0.337451171875 0.044921875 0.11337890625
7 0.335205078125 0.145361328125 0.22646484375 0.29072265625
7 0.2861328125 0.36640625000000004 0.11484375 0.217578125
0 0.639794921875 0.73330078125 0.07861328125 0.0796875
1 0.596875 0.634716796875 0.283984375 0.37861328125
1 0.52431640625 0.50595703125 0.3923828125 0.4814453125
1 0.498046875 0.2724609375 0.382421875 0.2771484375
7 0.238818359375 0.6107421875000001 0.26240234375 0.43515625
6 0.44453125 0.4947265625 0.0478515625 0.123046875
1 0.46162109375 0.580419921875 0.0552734375 0.13759765625
0 0.542822265625 0.159423828125 0.10888671875 0.06083984375
0 0.463134765625 0.199951171875 0.07216796875 0.05126953125
