7 0.87509765625 0.4365234375 0.0697265625 0.055078125
5 0.587255859375 0.46665039062499997 0.67587890625 0.06865234375
7 0.6490234375 0.565380859375 0.3654296875 0.30732421875
1 0.89931640625 0.598193359375 0.120703125 0.06650390625
5 0.020166015625 0.590185546875 0.04033203125 0.20908203125
7 0.020361328125 0.5486328125000001 0.04072265625 0.0560546875
7 0.37397460937500004 0.47666015625 0.16337890625 0.1681640625
7 0.35166015625 0.629248046875 0.370703125 0.17607421875
5 0.434814453125 0.61259765625 0.17060546875 0.0966796875
5 0.507666015625 0.601806640625 0.04501953125 0.03896484375
5 0.285009765625 0.617822265625 0.13955078125 0.05107421875
0 0.30224609375 0.607421875 0.04296875 0.0228515625
