1 0.434814453125 0.4998046875 0.12763671875 0.13046875
1 0.348095703125 0.702099609375 0.32509765625 0.24306640625
1 0.4408203125 0.57587890625 0.0853515625 0.1478515625
1 0.611083984375 0.527392578125 0.47158203125 0.35439453125
1 0.746044921875 0.34765625 0.10908203125 0.1009765625
0 0.1732421875 0.787451171875 0.1455078125 0.11806640625
1 0.560400390625 0.35166015625 0.29599609375 0.3041015625
1 0.7314941406250001 0.39511718749999997 0.05361328125 0.01640625
1 0.459033203125 0.566455078125 0.08994140625 0.15380859375
1 0.432275390625 0.524267578125 0.07412109375 0.06845703125
6 0.284375 0.5576171875 0.222265625 0.142578125
1 0.42778320312499996 0.5971191406249999 0.07841796875 0.13017578125
1 0.336962890625 0.645361328125 0.17861328125 0.10908203125
1 0.34077148437500004 0.67373046875 0.16572265625 0.096484375
1 0.369580078125 0.67236328125 0.13662109375 0.0734375
1 0.348046875 0.683837890625 0.172265625 0.07412109375
7 0.581689453125 0.7212890625 0.20771484375 0.2158203125
7 0.555126953125 0.630712890625 0.04931640625 0.02333984375
7 0.23408203125 0.558056640625 0.118359375 0.14287109375
0 0.690673828125 0.51064453125 0.03603515625 0.04609375
