1 0.157666015625 0.76318359375 0.15107421875 0.3154296875
0 0.29091796875 0.94267578125 0.0615234375 0.0896484375
1 0.2150390625 0.7556640625 0.20234375 0.31484375
1 0.2296875 0.37919921875 0.13046875 0.4560546875
1 0.215966796875 0.272998046875 0.07783203125 0.05654296875
1 0.23056640625000002 0.285888671875 0.08359375 0.04658203125
1 0.24599609375 0.28701171875000003 0.064453125 0.0548828125
1 0.25722656250000003 0.299072265625 0.044140625 0.03603515625
7 0.442236328125 0.453857421875 0.33037109375 0.64912109375
7 0.6856445312499999 0.55966796875 0.27109375 0.5572265625
6 0.8896484375 0.648291015625 0.2103515625 0.43486328125
