7 0.876025390625 0.649658203125 0.24755859375 0.70009765625
7 0.903369140625 0.63408203125 0.19267578125 0.4447265625
7 0.926318359375 0.8865234375 0.14677734375 0.226171875
0 0.9095703125 0.658544921875 0.1802734375 0.20341796875
0 0.0390625 0.12016601562500001 0.078125 0.16630859375
1 0.260400390625 0.324609375 0.33232421875 0.310546875
1 0.169287109375 0.151611328125 0.33857421875 0.30322265625
1 0.06611328125 0.32939453125 0.1322265625 0.123046875
1 0.071044921875 0.40625 0.14208984375 0.0796875
6 0.531103515625 0.6119628906250001 0.76162109375 0.60615234375
6 0.44873046875 0.319140625 0.6986328125 0.2771484375
0 0.540576171875 0.363330078125 0.21552734375 0.10751953125
0 0.39716796875000004 0.06630859375 0.12421875 0.1326171875
0 0.3947265625 0.11445312499999999 0.0736328125 0.0734375
0 0.938818359375 0.7300292968750001 0.07216796875 0.04072265625
0 0.752197265625 0.048291015625 0.19638671875 0.09658203125
