0 0.499853515625 0.499853515625 0.99970703125 0.99970703125
4 0.734130859375 0.7088378906249999 0.15478515625 0.06845703125
4 0.421142578125 0.92919921875 0.11337890625 0.07265625
4 0.33583984375 0.8876464843749999 0.0625 0.13291015625
4 0.2767578125 0.813623046875 0.090625 0.17685546875
4 0.39140625 0.555126953125 0.129296875 0.09345703125
4 0.766845703125 0.6453125 0.27119140625 0.1775390625
4 0.385888671875 0.64599609375 0.07939453125 0.1029296875
4 0.40791015625 0.624609375 0.043359375 0.059765625
4 0.568115234375 0.5881835937500001 0.13818359375 0.1203125
4 0.744384765625 0.4173828125 0.17197265625 0.11953125
4 0.636572265625 0.315673828125 0.22158203125 0.25888671875
4 0.478857421875 0.488232421875 0.16669921875 0.11630859375
4 0.47060546875 0.37734375000000003 0.15546875 0.1232421875
4 0.7860839843749999 0.536572265625 0.19443359375 0.13017578125
4 0.39223632812500003 0.90126953125 0.06220703125 0.066015625
4 0.626611328125 0.48847656250000004 0.17392578125 0.153515625
4 0.4244140625 0.834521484375 0.1345703125 0.12744140625
4 0.334033203125 0.450927734375 0.13955078125 0.15029296875
4 0.36259765625 0.7678710937500001 0.1908203125 0.148828125
4 0.18764648437499998 0.7600585937500001 0.16962890625 0.137109375
1 0.605517578125 0.713623046875 0.53310546875 0.44072265625
4 0.30815429687499996 0.5750000000000001 0.14814453125 0.105859375
4 0.27431640625 0.6602050781250001 0.2166015625 0.15126953125
4 0.689013671875 0.660546875 0.15771484375 0.1416015625
