5 0.865185546875 0.851318359375 0.26416015625 0.29658203125
1 0.234716796875 0.77177734375 0.32216796875 0.2466796875
1 0.19501953125 0.579345703125 0.2666015625 0.30556640625
7 0.26508789062500004 0.41240234375 0.23857421875 0.2857421875
1 0.48212890625000004 0.643017578125 0.5412109375 0.28271484375
1 0.434765625 0.731689453125 0.2232421875 0.21201171875
5 0.49716796875 0.71923828125 0.18671875 0.1388671875
1 0.725634765625 0.64912109375 0.23955078125 0.1818359375
7 0.515185546875 0.38779296875 0.29931640625 0.5400390625
1 0.7437988281250001 0.56513671875 0.24208984375 0.1818359375
1 0.37666015625 0.28388671875 0.0716796875 0.1478515625
7 0.796826171875 0.2681640625 0.32783203125 0.5099609375
0 0.063623046875 0.48227539062499997 0.04541015625 0.01884765625
1 0.7481445312499999 0.506982421875 0.2701171875 0.23212890625
