6 0.11279296875 0.786376953125 0.1453125 0.23408203125
6 0.0220703125 0.7838867187499999 0.044140625 0.2271484375
6 0.02939453125 0.844580078125 0.0587890625 0.08271484375
6 0.585986328125 0.778466796875 0.20068359375 0.08134765625
6 0.963037109375 0.67548828125 0.06494140625 0.0228515625
6 0.8021484375000001 0.7396484375 0.0853515625 0.159765625
7 0.486474609375 0.680859375 0.87919921875 0.5396484375
5 0.564013671875 0.48759765625 0.31494140625 0.098828125
6 0.38198242187500003 0.49433593750000004 0.09775390625 0.118359375
6 0.61884765625 0.40888671875 0.0853515625 0.0810546875
6 0.53896484375 0.443115234375 0.132421875 0.09521484375
6 0.30634765625 0.5158203125 0.1240234375 0.1064453125
6 0.21425781249999998 0.566650390625 0.0669921875 0.05322265625
6 0.101318359375 0.597998046875 0.04638671875 0.04658203125
6 0.1515625 0.58564453125 0.0580078125 0.0529296875
6 0.743701171875 0.301904296875 0.15654296875 0.13291015625
6 0.039306640625 0.395361328125 0.07861328125 0.14716796875
6 0.126611328125 0.36640625 0.11181640625 0.08203125
6 0.108203125 0.414453125 0.0908203125 0.090234375
6 0.12739257812500002 0.514990234375 0.25322265625 0.19541015625
