7 0.254443359375 0.518798828125 0.30302734375 0.34853515625
7 0.437646484375 0.485009765625 0.31279296875 0.35419921875
1 0.755859375 0.386865234375 0.29140625 0.33330078125
1 0.636474609375 0.271044921875 0.03642578125 0.06318359375
7 0.30458984375 0.23920898437500002 0.387890625 0.31845703125
1 0.718505859375 0.5505859375 0.25791015625 0.407421875
1 0.810791015625 0.6104980468750001 0.02978515625 0.13955078125
1 0.7293457031249999 0.6815429687500001 0.13388671875 0.0072265625
1 0.710546875 0.674462890625 0.17265625 0.00888671875
1 0.700048828125 0.66552734375 0.19423828125 0.0095703125
1 0.70009765625 0.65810546875 0.194921875 0.00859375
1 0.6989257812499999 0.648828125 0.1958984375 0.0185546875
1 0.6999023437499999 0.641845703125 0.194921875 0.01318359375
1 0.7624023437499999 0.6294921874999999 0.0798828125 0.0162109375
1 0.7134765625 0.624169921875 0.1947265625 0.06708984375
1 0.750048828125 0.609423828125 0.09228515625 0.01123046875
1 0.76640625 0.59873046875 0.0615234375 0.01484375
1 0.775390625 0.53955078125 0.0404296875 0.1140625
1 0.772705078125 0.5927734375 0.06220703125 0.0095703125
1 0.77333984375 0.53359375 0.064453125 0.1240234375
1 0.77333984375 0.52333984375 0.066015625 0.1412109375
1 0.7624023437499999 0.5175292968749999 0.0669921875 0.13291015625
1 0.7337402343749999 0.52294921875 0.08505859375 0.137890625
1 0.64091796875 0.5646484374999999 0.20390625 0.1861328125
1 0.59423828125 0.539697265625 0.1958984375 0.14814453125
1 0.814306640625 0.60859375 0.02900390625 0.13125
1 0.77724609375 0.1908203125 0.2177734375 0.0734375
1 0.753271484375 0.2189453125 0.21728515625 0.16796875
1 0.7721679687499999 0.204052734375 0.221484375 0.07998046875
1 0.7450683593749999 0.257470703125 0.17216796875 0.09560546875
1 0.798095703125 0.264892578125 0.17060546875 0.04697265625
1 0.787451171875 0.276953125 0.17509765625 0.0611328125
