5 0.83203125 0.056689453125 0.09453125 0.11337890625
7 0.233251953125 0.16767578125 0.46650390625 0.3353515625
1 0.04228515625 0.02841796875 0.0845703125 0.0568359375
7 0.078125 0.5400390625 0.15625 0.4708984375
7 0.54970703125 0.30576171875 0.4337890625 0.3482421875
1 0.6656738281250001 0.544140625 0.25498046875 0.331640625
1 0.6123046875 0.588818359375 0.137890625 0.22255859375
5 0.773779296875 0.2943359375 0.24208984375 0.256640625
1 0.220458984375 0.434912109375 0.35263671875 0.50400390625
1 0.362646484375 0.618408203125 0.44150390625 0.76259765625
1 0.36137695312499996 0.41342773437499997 0.23017578125 0.17861328125
