5 0.55205078125 0.226904296875 0.033203125 0.04169921875
5 0.5873046875 0.180908203125 0.1021484375 0.09189453125
5 0.44169921875 0.25546875 0.0451171875 0.09296875
5 0.6107421875 0.315625 0.059765625 0.047265625
5 0.485107421875 0.21298828125000002 0.10322265625 0.1216796875
5 0.610107421875 0.26962890625 0.13291015625 0.1173828125
5 0.320166015625 0.234912109375 0.17509765625 0.13193359375
5 0.33208007812499996 0.301708984375 0.08134765625 0.09951171875
5 0.397900390625 0.27363281250000004 0.06474609375 0.155078125
5 0.48115234375 0.33881835937500004 0.2416015625 0.18291015625
5 0.520849609375 0.42490234375 0.06845703125 0.08203125
5 0.276806640625 0.41879882812499997 0.05009765625 0.10478515625
5 0.27294921875 0.49965820312500003 0.017578125 0.06416015625
5 0.228759765625 0.358447265625 0.07314453125 0.24072265625
5 0.300537109375 0.4525390625 0.04658203125 0.1068359375
5 0.275146484375 0.3396484375 0.18720703125 0.1474609375
5 0.216015625 0.6455078125 0.125 0.501953125
5 0.413916015625 0.53193359375 0.35712890625 0.33828125
5 0.314453125 0.717724609375 0.0853515625 0.10810546875
5 0.56767578125 0.60478515625 0.3501953125 0.1216796875
5 0.6236328125 0.6353515624999999 0.1306640625 0.081640625
5 0.545751953125 0.6242187499999999 0.10439453125 0.077734375
5 0.2541015625 0.92958984375 0.1837890625 0.140234375
5 0.542041015625 0.8208984375 0.07568359375 0.1279296875
5 0.37080078125000004 0.76474609375 0.32890625 0.301953125
5 0.500537109375 0.941748046875 0.14384765625 0.11572265625
5 0.895947265625 0.632568359375 0.06220703125 0.19443359375
5 0.79013671875 0.76259765625 0.15078125 0.090625
5 0.653759765625 0.671630859375 0.07587890625 0.08134765625
5 0.77744140625 0.6380859375 0.0716796875 0.0810546875
5 0.710693359375 0.6723144531249999 0.10693359375 0.14091796875
5 0.8063476562499999 0.69150390625 0.23515625 0.18984375
5 0.627197265625 0.96728515625 0.07783203125 0.06484375
5 0.6140625 0.817822265625 0.2564453125 0.35849609375
5 0.83642578125 0.858837890625 0.315234375 0.28173828125
5 0.676513671875 0.9806152343750001 0.06279296875 0.03798828125
5 0.570654296875 0.933740234375 0.12353515625 0.13193359375
5 0.39433593749999996 0.8817382812500001 0.3373046875 0.2357421875
5 0.22470703125 0.9406249999999999 0.0322265625 0.0525390625
5 0.67275390625 0.260546875 0.065234375 0.0654296875
5 0.663671875 0.2814453125 0.1830078125 0.1302734375
5 0.8509765625 0.439208984375 0.1453125 0.20107421875
5 0.825 0.286083984375 0.1490234375 0.32412109375
5 0.753857421875 0.31201171875 0.15595703125 0.2013671875
5 0.7099609375 0.48906249999999996 0.346484375 0.29765625
5 0.634033203125 0.25209960937500003 0.06923828125 0.08564453125
