7 0.832861328125 0.9673828125 0.09130859375 0.064453125
7 0.60205078125 0.08349609375 0.046875 0.12265625
7 0.50244140625 0.012890625 0.215234375 0.02578125
6 0.42646484375000004 0.7306640625 0.34296875 0.379296875
6 0.43203125 0.619873046875 0.3640625 0.30126953125
7 0.47822265625 0.1142578125 0.2490234375 0.228515625
6 0.459326171875 0.427392578125 0.38193359375 0.50693359375
7 0.6752441406249999 0.45400390625000003 0.05576171875 0.058203125
7 0.94794921875 0.236572265625 0.1037109375 0.13388671875
7 0.822265625 0.47392578124999996 0.3548828125 0.3869140625
7 0.68037109375 0.9609375 0.267578125 0.07734375
7 0.732421875 0.6744140625 0.3720703125 0.555859375
7 0.933251953125 0.769873046875 0.13291015625 0.45966796875
3 0.9716796875 0.75810546875 0.0560546875 0.0935546875
3 0.97021484375 0.80986328125 0.058984375 0.131640625
0 0.471044921875 0.42919921875 0.35419921875 0.1474609375
0 0.451513671875 0.717919921875 0.30283203125 0.14482421875
0 0.4498046875 0.7416015625 0.2978515625 0.14453125
