1 0.7132812500000001 0.309375 0.246484375 0.2357421875
1 0.58525390625 0.526611328125 0.3068359375 0.37470703125
1 0.532861328125 0.566796875 0.09248046875 0.05625
1 0.573388671875 0.44443359375 0.16669921875 0.1984375
1 0.810791015625 0.403759765625 0.16962890625 0.24404296875
1 0.6190429687500001 0.478857421875 0.1830078125 0.20966796875
1 0.35283203124999996 0.758447265625 0.3107421875 0.34228515625
1 0.359130859375 0.6388671874999999 0.15673828125 0.1970703125
1 0.01923828125 0.70888671875 0.0384765625 0.034765625
1 0.0431640625 0.821435546875 0.086328125 0.20439453125
1 0.38408203124999996 0.696826171875 0.1818359375 0.21630859375
