7 0.640380859375 0.363037109375 0.16220703125 0.10595703125
7 0.562109375 0.521923828125 0.1919921875 0.20068359375
7 0.5623046875 0.354052734375 0.054296875 0.09287109375
1 0.784912109375 0.468603515625 0.27412109375 0.12841796875
1 0.831298828125 0.45815429687500003 0.08173828125 0.04501953125
7 0.725537109375 0.409765625 0.29248046875 0.1265625
1 0.729736328125 0.554052734375 0.27001953125 0.20009765625
1 0.753662109375 0.56357421875 0.09072265625 0.0609375
1 0.6812011718750001 0.560205078125 0.06416015625 0.03583984375
7 0.929736328125 0.69697265625 0.13974609375 0.134765625
7 0.88994140625 0.8580078125 0.2193359375 0.193359375
6 0.361083984375 0.655029296875 0.28759765625 0.17529296875
6 0.392333984375 0.609716796875 0.18173828125 0.13544921875
7 0.387109375 0.391552734375 0.391796875 0.31494140625
6 0.314111328125 0.594873046875 0.24677734375 0.13818359375
7 0.9840820312499999 0.74130859375 0.0310546875 0.07265625
7 0.541455078125 0.684716796875 0.22919921875 0.13603515625
0 0.84599609375 0.5974609375 0.045703125 0.07109375
