7 0.5469238281250001 0.48017578125 0.08486328125 0.1435546875
7 0.7131835937500001 0.6943359375 0.31171875 0.551953125
7 0.7767089843749999 0.3220703125 0.44619140625 0.4861328125
1 0.20771484375000002 0.63671875 0.3767578125 0.49375
1 0.27509765625000004 0.44921875 0.20390625 0.129296875
1 0.260546875 0.46835937499999997 0.2224609375 0.1517578125
1 0.24306640624999998 0.602734375 0.211328125 0.2470703125
7 0.45942382812500004 0.73671875 0.25322265625 0.52578125
7 0.444287109375 0.513232421875 0.06376953125 0.06220703125
7 0.53408203125 0.49916992187500003 0.0671875 0.09091796875
7 0.48408203125 0.517919921875 0.0267578125 0.05029296875
