7 0.9039550781250001 0.365087890625 0.08974609375 0.10712890625
7 0.94873046875 0.43154296875 0.09296875 0.152734375
6 0.574365234375 0.505810546875 0.14931640625 0.23310546875
6 0.4861328125 0.6056640624999999 0.0267578125 0.0591796875
7 0.48574218750000003 0.5884765625 0.02109375 0.0486328125
1 0.76025390625 0.676953125 0.1619140625 0.15546875
1 0.45488281249999996 0.431591796875 0.169140625 0.29697265625
5 0.38339843749999997 0.351171875 0.0267578125 0.036328125
5 0.40263671875 0.335107421875 0.054296875 0.09423828125
6 0.262451171875 0.32412109375 0.21728515625 0.3267578125
1 0.33940429687499996 0.671630859375 0.28095703125 0.59130859375
1 0.622412109375 0.479296875 0.29443359375 0.254296875
7 0.840380859375 0.518994140625 0.19169921875 0.29462890625
1 0.917822265625 0.6087890625 0.16396484375 0.4041015625
7 0.9801757812499999 0.24990234375 0.03671875 0.0724609375
7 0.99345703125 0.262890625 0.0126953125 0.0720703125
0 0.116552734375 0.9109375000000001 0.23310546875 0.1564453125
7 0.941796875 0.898828125 0.1158203125 0.2017578125
0 0.449658203125 0.332568359375 0.03818359375 0.07509765625
