6 0.131982421875 0.654150390625 0.06201171875 0.07607421875
6 0.11796875000000001 0.613916015625 0.065234375 0.08759765625
6 0.108447265625 0.5778320312499999 0.05361328125 0.073046875
6 0.088134765625 0.5236328125 0.05478515625 0.073046875
6 0.07177734375 0.475146484375 0.0533203125 0.06943359375
6 0.052783203125 0.42148437499999997 0.05205078125 0.069140625
6 0.07373046875 0.35302734375 0.128515625 0.096875
6 0.060009765625 0.291845703125 0.12001953125 0.10751953125
6 0.20371093750000002 0.687841796875 0.101953125 0.08271484375
6 0.186474609375 0.6350585937500001 0.10263671875 0.0763671875
6 0.16650390625 0.57607421875 0.109375 0.097265625
6 0.14833984375 0.510546875 0.1076171875 0.075390625
6 0.13330078125 0.458642578125 0.1103515625 0.07080078125
6 0.128369140625 0.38627929687499996 0.13818359375 0.12041015625
6 0.291455078125 0.693115234375 0.09423828125 0.06416015625
6 0.27890624999999997 0.644677734375 0.0984375 0.06650390625
6 0.26474609375 0.5960449218749999 0.1009765625 0.06845703125
6 0.25126953125 0.5397460937499999 0.1046875 0.0767578125
6 0.240673828125 0.48759765625 0.10537109375 0.0638671875
6 0.22578125 0.43662109374999997 0.111328125 0.0697265625
6 0.2416015625 0.34321289062500004 0.17265625 0.12958984375
6 0.367529296875 0.6939453125 0.07783203125 0.0638671875
6 0.36811523437500004 0.6392578124999999 0.10419921875 0.0787109375
6 0.361572265625 0.5916015625000001 0.11162109375 0.0734375
6 0.375146484375 0.5160644531249999 0.16298828125 0.13193359375
6 0.368701171875 0.457861328125 0.17431640625 0.13330078125
6 0.36049804687500003 0.396337890625 0.17587890625 0.12998046875
6 0.336328125 0.34160156249999996 0.1830078125 0.1369140625
6 0.467138671875 0.690087890625 0.14951171875 0.15869140625
1 0.468603515625 0.55205078125 0.12275390625 0.219921875
1 0.72021484375 0.747216796875 0.4162109375 0.30322265625
7 0.628369140625 0.500048828125 0.28447265625 0.48349609375
5 0.837158203125 0.636572265625 0.14013671875 0.25927734375
2 0.975 0.49550781250000003 0.049609375 0.0353515625
0 0.313671875 0.412353515625 0.206640625 0.24072265625
0 0.103125 0.37861328125 0.1140625 0.0376953125
0 0.065966796875 0.48681640625 0.13193359375 0.3544921875
