5 0.56025390625 0.17788085937499998 0.0734375 0.12900390625
7 0.484521484375 0.18779296875 0.10048828125 0.1064453125
7 0.5359375 0.443408203125 0.2078125 0.53369140625
7 0.39174804687500003 0.278564453125 0.11884765625 0.14384765625
7 0.20761718750000002 0.43437499999999996 0.2703125 0.5896484375
1 0.95458984375 0.41552734375 0.090234375 0.3759765625
1 0.306640625 0.674560546875 0.07265625 0.06083984375
7 0.395849609375 0.46284179687500004 0.14189453125 0.35615234375
7 0.481787109375 0.729345703125 0.27451171875 0.46201171875
0 0.519580078125 0.194287109375 0.04658203125 0.20537109375
1 0.578759765625 0.237060546875 0.03095703125 0.05419921875
0 0.5172851562499999 0.11923828125 0.0513671875 0.0982421875
7 0.676953125 0.207470703125 0.2666015625 0.27412109375
7 0.7299316406249999 0.66669921875 0.36162109375 0.666015625
7 0.731396484375 0.403759765625 0.27529296875 0.48876953125
5 0.943994140625 0.857470703125 0.09775390625 0.15478515625
