7 0.09375 0.135400390625 0.1875 0.27080078125
7 0.30302734375 0.59150390625 0.0611328125 0.215234375
0 0.15615234375 0.327734375 0.105859375 0.0791015625
1 0.45771484375000004 0.224609375 0.5357421875 0.2388671875
1 0.0646484375 0.28359375 0.129296875 0.1921875
1 0.481494140625 0.3787109375 0.85517578125 0.2470703125
3 0.145654296875 0.59423828125 0.29130859375 0.4404296875
7 0.050244140625 0.35703124999999997 0.10048828125 0.07265625
1 0.312451171875 0.6984374999999999 0.03369140625 0.07890625
1 0.77001953125 0.613525390625 0.3654296875 0.38173828125
1 0.53173828125 0.6544921875 0.4900390625 0.4091796875
7 0.579833984375 0.189111328125 0.29794921875 0.23037109375
