1 0.28125 0.13955078125 0.0412109375 0.0978515625
7 0.3216796875 0.266552734375 0.1185546875 0.20771484375
7 0.747265625 0.280712890625 0.1875 0.34853515625
7 0.18427734375 0.275 0.2232421875 0.37265625
7 0.595458984375 0.42275390625 0.20439453125 0.3025390625
7 0.394677734375 0.47880859374999996 0.22099609375 0.3439453125
7 0.916943359375 0.4146484375 0.16572265625 0.3458984375
7 0.877685546875 0.32016601562499997 0.03916015625 0.01259765625
7 0.7951171875 0.51806640625 0.2306640625 0.418359375
7 0.842041015625 0.42509765625 0.04814453125 0.055859375
7 0.579150390625 0.72236328125 0.28623046875 0.409765625
5 0.5673339843749999 0.66533203125 0.11630859375 0.090625
5 0.579052734375 0.5791992187499999 0.10693359375 0.0591796875
2 0.645751953125 0.5861328125 0.03994140625 0.047265625
1 0.381201171875 0.67626953125 0.10263671875 0.24140625
7 0.571240234375 0.31396484375 0.04072265625 0.0505859375
1 0.239599609375 0.6431640625 0.20537109375 0.376953125
5 0.59453125 0.331640625 0.0634765625 0.0224609375
1 0.258740234375 0.46416015625 0.14951171875 0.12734375
7 0.6008789062500001 0.30336914062500003 0.027734375 0.04658203125
1 0.25981445312499996 0.512060546875 0.15302734375 0.13525390625
5 0.611572265625 0.345947265625 0.04365234375 0.03837890625
1 0.29365234375 0.5279296875 0.09375 0.0810546875
1 0.217529296875 0.5312988281250001 0.12099609375 0.09560546875
1 0.302734375 0.5551269531249999 0.0423828125 0.05791015625
1 0.19169921875 0.55029296875 0.0669921875 0.0376953125
1 0.276806640625 0.4900390625 0.04814453125 0.0482421875
1 0.14399414062500002 0.21811523437500002 0.05087890625 0.04599609375
5 0.185009765625 0.210205078125 0.04072265625 0.05126953125
0 0.19794921875 0.52509765625 0.101171875 0.126953125
7 0.84033203125 0.589306640625 0.1037109375 0.20966796875
7 0.727197265625 0.54501953125 0.08427734375 0.1349609375
7 0.83134765625 0.571923828125 0.0595703125 0.10283203125
7 0.758544921875 0.646337890625 0.12822265625 0.11474609375
