5 0.449560546875 0.24853515625 0.05322265625 0.0138671875
5 0.498974609375 0.26552734375 0.07998046875 0.0458984375
5 0.862939453125 0.27666015625 0.06708984375 0.0533203125
0 0.273974609375 0.06533203125 0.26220703125 0.1306640625
5 0.8135253906250001 0.024072265625 0.13759765625 0.04814453125
5 0.79677734375 0.201171875 0.11875 0.0853515625
5 0.45522460937500003 0.735107421875 0.04462890625 0.05849609375
1 0.70947265625 0.412939453125 0.3138671875 0.32392578125
5 0.43950195312499996 0.402734375 0.20771484375 0.29609375
5 0.452880859375 0.5822265624999999 0.09423828125 0.0662109375
7 0.189990234375 0.531005859375 0.29658203125 0.14931640625
5 0.376025390625 0.56796875 0.07607421875 0.02578125
0 0.425537109375 0.625 0.06611328125 0.06796875
0 0.39892578125 0.6807617187499999 0.07109375 0.1021484375
1 0.6617187499999999 0.67509765625 0.27578125 0.2564453125
5 0.30986328125 0.753369140625 0.248046875 0.07666015625
1 0.30029296875 0.631201171875 0.1712890625 0.14677734375
5 0.38188476562499996 0.54443359375 0.08330078125 0.0595703125
7 0.71875 0.42783203124999997 0.1484375 0.121484375
1 0.75810546875 0.3447265625 0.146484375 0.200390625
1 0.60419921875 0.31562500000000004 0.1640625 0.1193359375
7 0.648193359375 0.128369140625 0.39951171875 0.25673828125
5 0.47060546875000003 0.07626953125 0.2857421875 0.1525390625
2 0.2619140625 0.12031249999999999 0.088671875 0.0505859375
0 0.10087890625 0.099951171875 0.2017578125 0.19990234375
7 0.022314453125 0.6364257812499999 0.04462890625 0.1765625
0 0.09443359374999999 0.49736328125 0.11875 0.0578125
