1 0.499853515625 0.1181640625 0.99970703125 0.236328125
1 0.499853515625 0.543994140625 0.99970703125 0.91142578125
5 0.38046875 0.8572265625 0.1392578125 0.0533203125
2 0.2197265625 0.865966796875 0.176953125 0.09892578125
2 0.216259765625 0.819091796875 0.17587890625 0.07861328125
1 0.56513671875 0.7478515625 0.251953125 0.298828125
1 0.713134765625 0.757421875 0.13857421875 0.25
1 0.21845703125 0.403076171875 0.1359375 0.28525390625
1 0.46044921875 0.61591796875 0.8640625 0.6921875
1 0.46943359375 0.37431640625 0.780078125 0.59296875
1 0.345068359375 0.744384765625 0.54990234375 0.32314453125
