7 0.868994140625 0.4060546875 0.26123046875 0.529296875
7 0.9453125 0.5984375 0.1087890625 0.4265625
7 0.5302734375 0.117431640625 0.5744140625 0.23486328125
6 0.08037109375 0.225341796875 0.1607421875 0.10146484375
7 0.20151367187500002 0.23076171875 0.18681640625 0.2076171875
6 0.054736328125 0.13564453125 0.10947265625 0.0853515625
6 0.06298828125 0.064013671875 0.1259765625 0.06748046875
5 0.107470703125 0.130029296875 0.10380859375 0.09248046875
0 0.10166015625 0.07294921874999999 0.038671875 0.0486328125
0 0.156396484375 0.1533203125 0.06083984375 0.0873046875
6 0.054052734375 0.21625976562500002 0.10810546875 0.11162109375
0 0.077001953125 0.24160156249999998 0.02841796875 0.05703125
7 0.092578125 0.44741210937500003 0.18515625 0.37900390625
7 0.523828125 0.502099609375 0.7896484375 0.83603515625
