7 0.2517578125 0.262548828125 0.40703125 0.27705078125
3 0.139892578125 0.383056640625 0.02451171875 0.04833984375
7 0.539013671875 0.4935546875 0.68916015625 0.1974609375
3 0.78740234375 0.3888671875 0.041015625 0.0357421875
5 0.776611328125 0.413427734375 0.02548828125 0.04462890625
3 0.541357421875 0.18232421875000002 0.04169921875 0.0486328125
3 0.47333984375000004 0.19526367187500002 0.0763671875 0.03447265625
5 0.452197265625 0.182958984375 0.06650390625 0.04638671875
3 0.391015625 0.23037109375 0.0677734375 0.080859375
7 0.550732421875 0.518505859375 0.68681640625 0.64560546875
3 0.36308593749999996 0.247998046875 0.0701171875 0.02724609375
3 0.886279296875 0.8251953125 0.22685546875 0.34921875
0 0.139404296875 0.613818359375 0.27880859375 0.77177734375
