0 0.38974609375 0.874853515625 0.3767578125 0.24970703125
7 0.65126953125 0.421484375 0.2802734375 0.4771484375
7 0.6876464843750001 0.21147460937499998 0.07216796875 0.02021484375
1 0.2427734375 0.606640625 0.283203125 0.1240234375
1 0.42275390625 0.311376953125 0.1029296875 0.11279296875
1 0.24453124999999998 0.693798828125 0.1958984375 0.39677734375
1 0.482177734375 0.5375 0.29716796875 0.4427734375
0 0.3435546875 0.797314453125 0.1845703125 0.25791015625
1 0.47216796875 0.313671875 0.04609375 0.038671875
7 0.0806640625 0.897998046875 0.15546875 0.20341796875
7 0.01845703125 0.84755859375 0.0369140625 0.1818359375
7 0.017724609375 0.96904296875 0.03544921875 0.0611328125
