1 0.8158203125 0.33867187499999996 0.085546875 0.049609375
1 0.863671875 0.39716796875 0.085546875 0.0873046875
1 0.9491210937500001 0.54697265625 0.086328125 0.090625
1 0.886865234375 0.5128906249999999 0.09619140625 0.144140625
1 0.231689453125 0.349365234375 0.26142578125 0.25361328125
4 0.228564453125 0.375 0.03447265625 0.066796875
0 0.35659179687500003 0.884423828125 0.04013671875 0.10751953125
1 0.7184570312499999 0.430908203125 0.3630859375 0.29560546875
1 0.945166015625 0.6614257812500001 0.10810546875 0.15546875
1 0.791748046875 0.746044921875 0.32958984375 0.37763671875
1 0.47431640625000004 0.35087890624999996 0.127734375 0.161328125
1 0.3705078125 0.528466796875 0.2048828125 0.30029296875
1 0.49169921875 0.657275390625 0.3400390625 0.34755859375
1 0.502099609375 0.5765625 0.24873046875 0.3435546875
2 0.2384765625 0.42919921875 0.0404296875 0.0548828125
1 0.18413085937499998 0.632470703125 0.30634765625 0.45400390625
1 0.32685546875 0.462353515625 0.09921875 0.17529296875
4 0.190576171875 0.404541015625 0.03447265625 0.04658203125
4 0.275634765625 0.3396484375 0.04541015625 0.066796875
4 0.325927734375 0.3458984375 0.02236328125 0.0462890625
4 0.2763671875 0.394384765625 0.043359375 0.06513671875
5 0.32763671875 0.5773437499999999 0.0486328125 0.09453125
0 0.3193359375 0.5666015625 0.017578125 0.047265625
1 0.5857421875000001 0.749072265625 0.0880859375 0.09130859375
