7 0.16748046875 0.40224609375000003 0.1986328125 0.163671875
7 0.110498046875 0.533935546875 0.22099609375 0.28408203125
7 0.031005859375 0.801904296875 0.06201171875 0.29033203125
7 0.133935546875 0.689306640625 0.20732421875 0.27021484375
7 0.402880859375 0.33793945312499996 0.16591796875 0.30556640625
1 0.5964843750000001 0.501318359375 0.1498046875 0.11376953125
1 0.6360839843749999 0.560400390625 0.05283203125 0.03935546875
7 0.558935546875 0.6466796874999999 0.07568359375 0.1802734375
1 0.652978515625 0.38442382812500003 0.06298828125 0.11142578125
1 0.7250488281249999 0.344775390625 0.09501953125 0.09755859375
7 0.150927734375 0.891162109375 0.26806640625 0.21689453125
7 0.3025390625 0.54765625 0.1830078125 0.355859375
7 0.232568359375 0.73662109375 0.02607421875 0.0625
1 0.3552734375 0.8404785156250001 0.283984375 0.31845703125
1 0.3853515625 0.6919433593750001 0.0439453125 0.06513671875
7 0.46083984375 0.5423828125000001 0.14140625 0.47421875
1 0.822802734375 0.557177734375 0.32861328125 0.33798828125
1 0.65166015625 0.694482421875 0.1619140625 0.29033203125
3 0.745654296875 0.446240234375 0.08701171875 0.10947265625
3 0.779150390625 0.5156738281250001 0.07119140625 0.05849609375
3 0.7209960937500001 0.469140625 0.07734375 0.0896484375
3 0.757373046875 0.576611328125 0.09404296875 0.04072265625
5 0.8390625 0.48974609375 0.18203125 0.18125
3 0.916552734375 0.571435546875 0.03740234375 0.02119140625
1 0.62001953125 0.6393554687499999 0.0505859375 0.1021484375
2 0.658984375 0.6708007812500001 0.0486328125 0.0638671875
1 0.6774414062499999 0.676953125 0.0359375 0.0529296875
5 0.71044921875 0.51162109375 0.044921875 0.0390625
