1 0.93017578125 0.410009765625 0.1388671875 0.26689453125
7 0.369677734375 0.28271484375 0.15673828125 0.0708984375
7 0.475537109375 0.267724609375 0.05419921875 0.09697265625
1 0.934716796875 0.42670898437500004 0.12998046875 0.21552734375
7 0.93818359375 0.5771484375 0.123046875 0.29765625
7 0.8971191406250001 0.874462890625 0.20498046875 0.25048828125
7 0.38242187499999997 0.364697265625 0.172265625 0.20068359375
1 0.69658203125 0.51962890625 0.405078125 0.21328125
1 0.626708984375 0.44716796875 0.24541015625 0.058984375
6 0.8242675781250001 0.397216796875 0.11611328125 0.14853515625
1 0.68203125 0.273095703125 0.3845703125 0.33232421875
7 0.745556640625 0.70537109375 0.50830078125 0.367578125
1 0.427880859375 0.552001953125 0.13818359375 0.51962890625
1 0.367724609375 0.573388671875 0.13095703125 0.45986328125
1 0.234765625 0.61064453125 0.3716796875 0.5451171875
