1 0.46591796875 0.191748046875 0.0787109375 0.09423828125
1 0.959033203125 0.6279296875 0.08134765625 0.038671875
1 0.195751953125 0.609130859375 0.33466796875 0.18994140625
6 0.34638671875 0.304931640625 0.1822265625 0.15654296875
0 0.329248046875 0.36567382812500004 0.14521484375 0.05830078125
0 0.38129882812500004 0.24189453125 0.10908203125 0.0294921875
1 0.443603515625 0.347021484375 0.17626953125 0.13740234375
1 0.824609375 0.29375 0.0916015625 0.05234375
1 0.562109375 0.15273437499999998 0.1474609375 0.0708984375
1 0.727685546875 0.14882812499999998 0.05126953125 0.06796875
1 0.6971191406249999 0.22324218750000002 0.23544921875 0.1333984375
0 0.673828125 0.23486328125 0.0724609375 0.0515625
7 0.506982421875 0.253955078125 0.23544921875 0.17958984375
7 0.6852050781250001 0.37812500000000004 0.31943359375 0.25078125
7 0.914306640625 0.349609375 0.17060546875 0.164453125
7 0.764892578125 0.54677734375 0.46826171875 0.3107421875
7 0.87158203125 0.697900390625 0.176953125 0.10419921875
7 0.8740234375 0.728662109375 0.25 0.21630859375
7 0.89140625 0.8966796875 0.2166015625 0.2060546875
0 0.7865234375 0.7 0.1220703125 0.085546875
1 0.918017578125 0.57529296875 0.16337890625 0.0900390625
1 0.9625 0.5185546875 0.0744140625 0.027734375
1 0.93828125 0.4498046875 0.12265625 0.109375
7 0.9609375 0.35 0.07734375 0.0908203125
0 0.601318359375 0.508447265625 0.03603515625 0.03271484375
1 0.113427734375 0.341162109375 0.10712890625 0.15498046875
0 0.32343750000000004 0.380224609375 0.114453125 0.04365234375
1 0.296484375 0.50927734375 0.461328125 0.3236328125
6 0.447607421875 0.71953125 0.17158203125 0.1443359375
7 0.22998046875 0.830322265625 0.4189453125 0.29912109375
