0 0.40869140625 0.2212890625 0.508984375 0.442578125
4 0.682177734375 0.241455078125 0.09912109375 0.41708984375
4 0.6011230468750001 0.263427734375 0.07900390625 0.41748046875
4 0.5345703125 0.379150390625 0.0970703125 0.54404296875
4 0.33657226562500003 0.319580078125 0.04755859375 0.12607421875
4 0.4150390625 0.406591796875 0.0693359375 0.24521484375
4 0.21669921874999998 0.428515625 0.13828125 0.483984375
4 0.303662109375 0.461181640625 0.09013671875 0.50751953125
4 0.476220703125 0.531298828125 0.10087890625 0.40810546875
4 0.38442382812500003 0.574560546875 0.11728515625 0.42998046875
4 0.73203125 0.49208984375 0.0427734375 0.2087890625
4 0.6830078125000001 0.48359375 0.0912109375 0.3974609375
4 0.60322265625 0.5271484375 0.1078125 0.4154296875
4 0.854296875 0.45649414062500004 0.1814453125 0.51181640625
0 0.6649414062500001 0.7001953125 0.0462890625 0.039453125
