1 0.475341796875 0.44487304687499996 0.53408203125 0.80009765625
1 0.54306640625 0.349853515625 0.1916015625 0.17822265625
1 0.45546875 0.40693359375 0.2521484375 0.16171875
1 0.44868164062500004 0.465234375 0.24541015625 0.152734375
1 0.5374511718749999 0.525439453125 0.04794921875 0.05380859375
1 0.430419921875 0.47543945312499997 0.16904296875 0.12041015625
0 0.41435546875 0.648583984375 0.04140625 0.04951171875
0 0.4326171875 0.7648437499999999 0.029296875 0.03671875
0 0.630908203125 0.35185546875 0.15166015625 0.4091796875
0 0.554541015625 0.291552734375 0.13603515625 0.04833984375
0 0.5627929687500001 0.32680664062500003 0.15078125 0.03330078125
0 0.37021484375 0.3583984375 0.03515625 0.0408203125
