7 0.5833496093749999 0.167333984375 0.59892578125 0.33466796875
2 0.53330078125 0.47470703124999997 0.6435546875 0.5310546875
4 0.574560546875 0.2849609375 0.12587890625 0.070703125
4 0.539111328125 0.52822265625 0.33857421875 0.094140625
3 0.41435546875 0.49213867187500004 0.0654296875 0.04755859375
3 0.365478515625 0.497265625 0.06708984375 0.0453125
4 0.710205078125 0.4740234375 0.08017578125 0.080078125
4 0.530078125 0.41533203125 0.296875 0.0998046875
4 0.41943359375 0.292138671875 0.2265625 0.11806640625
4 0.567724609375 0.306982421875 0.22509765625 0.13955078125
4 0.37451171875 0.3509765625 0.11484375 0.0921875
4 0.5526367187500001 0.45498046875 0.269140625 0.0583984375
3 0.42363281249999996 0.49697265625 0.045703125 0.016015625
3 0.37890625 0.4501953125 0.0384765625 0.0353515625
7 0.7767578125 0.18227539062499998 0.1142578125 0.17099609375
