0 0.252783203125 0.543310546875 0.18349609375 0.11884765625
0 0.6782714843750001 0.593505859375 0.08271484375 0.08232421875
1 0.4806640625 0.8126953124999999 0.2939453125 0.2390625
1 0.505419921875 0.7388671875 0.27412109375 0.2416015625
1 0.577197265625 0.6082519531249999 0.26025390625 0.20810546875
1 0.57158203125 0.5535644531249999 0.1861328125 0.09775390625
1 0.601513671875 0.6083984375 0.16005859375 0.0580078125
0 0.622802734375 0.48955078125 0.09951171875 0.117578125
7 0.5491210937500001 0.484765625 0.0333984375 0.033984375
7 0.591748046875 0.515234375 0.09560546875 0.081640625
7 0.37001953125 0.4115234375 0.3544921875 0.267578125
0 0.3634765625 0.29033203125 0.0390625 0.0255859375
0 0.402099609375 0.5804687500000001 0.11904296875 0.0716796875
0 0.34028320312500004 0.5726562500000001 0.10712890625 0.0560546875
0 0.321728515625 0.558447265625 0.10849609375 0.02900390625
0 0.13955078125 0.501513671875 0.06484375 0.04013671875
1 0.1443359375 0.43310546875 0.073046875 0.03046875
1 0.542431640625 0.42778320312499996 0.07568359375 0.05302734375
1 0.550634765625 0.46665039062499997 0.05556640625 0.03642578125
