1 0.62890625 0.08232421875 0.1451171875 0.1646484375
7 0.615380859375 0.055322265625000006 0.09873046875 0.06708984375
1 0.46938476562500003 0.175439453125 0.27158203125 0.29931640625
6 0.785009765625 0.4517578125 0.11708984375 0.123046875
1 0.460302734375 0.161083984375 0.14033203125 0.16669921875
6 0.7877929687499999 0.402734375 0.12578125 0.1474609375
7 0.7076171874999999 0.339404296875 0.06796875 0.20732421875
7 0.713330078125 0.514501953125 0.07294921875 0.16533203125
1 0.5669921875 0.567822265625 0.23515625 0.29560546875
7 0.574755859375 0.695068359375 0.18974609375 0.36572265625
1 0.548974609375 0.27099609375 0.16689453125 0.096875
5 0.569287109375 0.22880859375 0.15849609375 0.0892578125
7 0.067822265625 0.622216796875 0.13564453125 0.36611328125
5 0.43974609375 0.140234375 0.0560546875 0.0634765625
7 0.6166503906249999 0.09951171875 0.02353515625 0.0568359375
1 0.575244140625 0.199365234375 0.16044921875 0.12236328125
7 0.55078125 0.353173828125 0.2767578125 0.31943359375
1 0.37314453124999997 0.590576171875 0.199609375 0.23876953125
1 0.37275390625 0.517333984375 0.18203125 0.08369140625
1 0.4091796875 0.47983398437499997 0.069921875 0.08134765625
7 0.38359375 0.75126953125 0.2388671875 0.44375
7 0.377880859375 0.540673828125 0.05380859375 0.02314453125
7 0.44199218749999997 0.553564453125 0.0486328125 0.03701171875
1 0.61669921875 0.49257812500000003 0.02109375 0.038671875
1 0.638623046875 0.5067871093749999 0.02333984375 0.11142578125
5 0.561767578125 0.529248046875 0.06943359375 0.06181640625
7 0.006689453125 0.84970703125 0.01337890625 0.112109375
0 0.01826171875 0.88994140625 0.0091796875 0.0595703125
1 0.34111328125 0.54599609375 0.039453125 0.0205078125
0 0.384716796875 0.5130859375 0.09130859375 0.0419921875
0 0.47714843749999997 0.160546875 0.027734375 0.08828125
7 0.492578125 0.2048828125 0.0212890625 0.0400390625
