0 0.593603515625 0.08603515625000001 0.04833984375 0.1716796875
6 0.53017578125 0.41884765625 0.19296875 0.1466796875
5 0.21689453125000002 0.6050292968750001 0.176171875 0.12197265625
0 0.07451171875 0.46513671875 0.1490234375 0.693359375
6 0.562353515625 0.680517578125 0.79892578125 0.04423828125
6 0.2705078125 0.593115234375 0.1087890625 0.07158203125
6 0.48569335937499997 0.5651367187499999 0.36318359375 0.198828125
6 0.5606445312499999 0.366455078125 0.03671875 0.01884765625
6 0.61337890625 0.425244140625 0.109375 0.11611328125
6 0.51630859375 0.404541015625 0.098046875 0.06552734375
6 0.53994140625 0.43276367187500003 0.2025390625 0.10029296875
5 0.752783203125 0.13671875 0.30009765625 0.2734375
5 0.791064453125 0.034375 0.30556640625 0.068359375
6 0.386865234375 0.30512695312500004 0.56884765625 0.53388671875
3 0.69140625 0.402587890625 0.07265625 0.18662109375
0 0.79443359375 0.1689453125 0.1953125 0.337890625
5 0.6558105468750001 0.10458984375 0.06337890625 0.160546875
0 0.35693359375 0.30380859375 0.4279296875 0.4900390625
