7 0.1986328125 0.870068359375 0.1388671875 0.25927734375
0 0.529736328125 0.11259765625 0.17705078125 0.2251953125
3 0.534033203125 0.071240234375 0.01591796875 0.14248046875
7 0.42641601562500003 0.29682617187500004 0.30576171875 0.50166015625
7 0.248828125 0.60107421875 0.3537109375 0.71796875
7 0.60400390625 0.63447265625 0.3916015625 0.6564453125
7 0.991845703125 0.51376953125 0.01591796875 0.0896484375
7 0.874658203125 0.77392578125 0.25029296875 0.4513671875
7 0.464208984375 0.8341796875 0.39462890625 0.3310546875
7 0.7843261718750001 0.316650390625 0.43076171875 0.63330078125
