1 0.948779296875 0.661328125 0.06943359375 0.048828125
1 0.72138671875 0.33486328125000003 0.1220703125 0.106640625
1 0.7927734375 0.48247070312499996 0.413671875 0.41142578125
1 0.7251953125 0.59404296875 0.4609375 0.2931640625
1 0.4146484375 0.37587890625 0.3564453125 0.234375
7 0.425927734375 0.116796875 0.35517578125 0.23359375
1 0.401806640625 0.275927734375 0.28369140625 0.09794921875
1 0.3833984375 0.34111328125 0.163671875 0.1029296875
2 0.41513671874999997 0.41445312500000003 0.2748046875 0.044140625
7 0.69921875 0.85791015625 0.3416015625 0.283203125
1 0.3287109375 0.59794921875 0.359765625 0.3501953125
0 0.64150390625 0.414208984375 0.1197265625 0.12353515625
1 0.753271484375 0.15859375 0.26982421875 0.3171875
