7 0.040234375 0.668994140625 0.08046875 0.27177734375
7 0.2318359375 0.67021484375 0.463671875 0.2748046875
7 0.07001953125 0.703466796875 0.125390625 0.06865234375
1 0.57470703125 0.519775390625 0.4068359375 0.29990234375
1 0.39643554687500004 0.4880859375 0.02900390625 0.129296875
1 0.533935546875 0.48037109375 0.29248046875 0.1837890625
1 0.584130859375 0.425048828125 0.30224609375 0.07626953125
1 0.7541015624999999 0.4552734375 0.026953125 0.0796875
1 0.593115234375 0.42890625 0.30634765625 0.0662109375
1 0.5167968749999999 0.40913085937500004 0.0572265625 0.03095703125
1 0.584765625 0.42080078125000003 0.2462890625 0.0744140625
1 0.5791992187499999 0.50517578125 0.3578125 0.1783203125
5 0.623828125 0.52431640625 0.2982421875 0.140625
