0 0.223193359375 0.167138671875 0.12099609375 0.08232421875
2 0.27333984375 0.23759765625 0.1185546875 0.1431640625
5 0.327490234375 0.33037109375 0.21103515625 0.2685546875
0 0.282568359375 0.674755859375 0.27802734375 0.04462890625
5 0.463818359375 0.562060546875 0.11259765625 0.35087890625
2 0.710791015625 0.5873046875 0.48310546875 0.364453125
1 0.714404296875 0.596923828125 0.25126953125 0.34658203125
0 0.13408203125 0.058544921875 0.153515625 0.11708984375
7 0.21147460937499998 0.49326171874999997 0.12177734375 0.1478515625
7 0.10302734375 0.297900390625 0.2060546875 0.35712890625
