1 0.242919921875 0.085693359375 0.06767578125 0.07080078125
5 0.313232421875 0.069921875 0.07841796875 0.0552734375
7 0.295263671875 0.325927734375 0.22197265625 0.59423828125
7 0.37197265625 0.07426757812500001 0.0505859375 0.04072265625
7 0.4490234375 0.19399414062499998 0.1947265625 0.15244140625
7 0.47368164062499996 0.42084960937500004 0.27080078125 0.58369140625
1 0.6380859375 0.655419921875 0.1388671875 0.22880859375
7 0.8216796875 0.117724609375 0.112109375 0.06943359375
7 0.663525390625 0.130615234375 0.09345703125 0.07998046875
0 0.70732421875 0.423583984375 0.0203125 0.03701171875
7 0.70869140625 0.38046875 0.017578125 0.098828125
7 0.75927734375 0.467578125 0.3380859375 0.791015625
0 0.6302734375 0.108642578125 0.01640625 0.04990234375
0 0.761669921875 0.230029296875 0.06494140625 0.22451171875
0 0.7601562500000001 0.2134765625 0.336328125 0.26484375
