7 0.933740234375 0.203662109375 0.13193359375 0.16865234375
7 0.90869140625 0.58876953125 0.1818359375 0.26640625
1 0.7653320312499999 0.325732421875 0.15703125 0.22099609375
7 0.7460449218749999 0.38828124999999997 0.17001953125 0.09453125
7 0.685400390625 0.439453125 0.13525390625 0.0927734375
7 0.64384765625 0.475537109375 0.088671875 0.06669921875
7 0.6220703125 0.5080078125 0.0873046875 0.0810546875
5 0.465283203125 0.47138671875 0.30361328125 0.142578125
5 0.46943359375 0.414794921875 0.314453125 0.07119140625
7 0.5479003906250001 0.563525390625 0.16201171875 0.09130859375
1 0.483984375 0.3748046875 0.3521484375 0.086328125
1 0.576513671875 0.359033203125 0.19013671875 0.06923828125
1 0.5869628906250001 0.30712890625 0.20498046875 0.0845703125
1 0.5689453125 0.255810546875 0.1669921875 0.06572265625
1 0.42348632812500003 0.32119140625 0.17294921875 0.1349609375
1 0.388525390625 0.25537109375 0.02978515625 0.112890625
1 0.44077148437499997 0.280029296875 0.08134765625 0.06298828125
1 0.6192382812499999 0.81298828125 0.5095703125 0.341796875
7 0.753955078125 0.553076171875 0.42724609375 0.26787109375
7 0.04462890625 0.43178710937500003 0.0892578125 0.19248046875
7 0.143896484375 0.4259765625 0.13095703125 0.1435546875
7 0.211962890625 0.512158203125 0.21630859375 0.12001953125
1 0.22900390625 0.379248046875 0.1841796875 0.17060546875
1 0.363232421875 0.6041015624999999 0.31318359375 0.1958984375
1 0.8556640624999999 0.242431640625 0.0552734375 0.42138671875
