7 0.9262207031249999 0.637158203125 0.14677734375 0.31103515625
7 0.96943359375 0.8945800781250001 0.060546875 0.12099609375
6 0.7901855468750001 0.6969238281250001 0.13857421875 0.15029296875
6 0.763427734375 0.583837890625 0.19541015625 0.15126953125
6 0.690673828125 0.501904296875 0.33896484375 0.13916015625
6 0.7099609375 0.44155273437500003 0.3458984375 0.08955078125
6 0.705078125 0.37910156250000004 0.3677734375 0.1505859375
6 0.68818359375 0.298486328125 0.409375 0.11533203125
1 0.54677734375 0.180419921875 0.3416015625 0.21552734375
1 0.58154296875 0.16416015625 0.0658203125 0.0560546875
7 0.84306640625 0.8470703125000001 0.2919921875 0.3052734375
7 0.43935546875 0.749658203125 0.6087890625 0.50029296875
6 0.308251953125 0.41201171875 0.47490234375 0.2609375
6 0.293505859375 0.287548828125 0.44013671875 0.07861328125
7 0.2953125 0.7926269531250001 0.590625 0.41416015625
0 0.65498046875 0.23769531249999998 0.2814453125 0.133203125
