7 0.7587890625 0.652783203125 0.3623046875 0.30556640625
1 0.718017578125 0.46484375 0.22822265625 0.2232421875
1 0.717041015625 0.433349609375 0.18994140625 0.10947265625
7 0.247998046875 0.474072265625 0.24208984375 0.55791015625
1 0.483984375 0.2177734375 0.054296875 0.03671875
7 0.46875 0.487060546875 0.2712890625 0.52841796875
2 0.585546875 0.454638671875 0.044140625 0.11240234375
0 0.328759765625 0.597265625 0.04091796875 0.2328125
3 0.96142578125 0.650634765625 0.0369140625 0.03935546875
2 0.681201171875 0.49638671875 0.08408203125 0.0767578125
2 0.729638671875 0.491748046875 0.05205078125 0.08662109375
2 0.7775390624999999 0.507275390625 0.080859375 0.07470703125
2 0.69111328125 0.462939453125 0.0880859375 0.07998046875
