1 0.33212890624999997 0.235693359375 0.08828125 0.06025390625
1 0.347265625 0.126806640625 0.0734375 0.02255859375
1 0.2826171875 0.17041015625 0.1888671875 0.0947265625
0 0.341748046875 0.12998046875 0.03603515625 0.0203125
1 0.27724609375 0.0998046875 0.16171875 0.1203125
1 0.5826171875 0.11181640625 0.027734375 0.0615234375
1 0.511181640625 0.04970703125 0.15009765625 0.0994140625
1 0.439794921875 0.165771484375 0.24541015625 0.20068359375
0 0.250048828125 0.5251953125000001 0.05029296875 0.0423828125
6 0.40439453125 0.48520507812499997 0.407421875 0.25869140625
1 0.870654296875 0.9744140625 0.25791015625 0.0505859375
5 0.922802734375 0.98583984375 0.15380859375 0.027734375
