1 0.28564453125 0.38310546875 0.232421875 0.4341796875
5 0.279833984375 0.24638671874999998 0.04287109375 0.02578125
7 0.319482421875 0.227685546875 0.05751953125 0.05791015625
7 0.326513671875 0.23232421875 0.04443359375 0.03203125
7 0.30419921875 0.259716796875 0.1287109375 0.08896484375
1 0.21621093749999998 0.27412109375 0.081640625 0.08203125
1 0.3068359375 0.27329101562499997 0.0173828125 0.03740234375
1 0.476806640625 0.41801757812499996 0.15849609375 0.14814453125
7 0.43466796875 0.415283203125 0.028515625 0.15009765625
1 0.47802734375 0.40141601562499996 0.1490234375 0.23017578125
7 0.50693359375 0.3611328125 0.0283203125 0.041015625
1 0.481884765625 0.41669921875 0.04013671875 0.0515625
7 0.5916503906249999 0.377685546875 0.08505859375 0.11181640625
1 0.52529296875 0.461474609375 0.0873046875 0.11337890625
7 0.761181640625 0.307861328125 0.15771484375 0.16005859375
1 0.80458984375 0.417138671875 0.126953125 0.16962890625
7 0.86484375 0.430419921875 0.1205078125 0.18291015625
7 0.891748046875 0.534033203125 0.14462890625 0.14287109375
7 0.68515625 0.449609375 0.1515625 0.2166015625
7 0.758544921875 0.56328125 0.14208984375 0.13984375
1 0.593115234375 0.582177734375 0.19716796875 0.33037109375
7 0.7580078125 0.6791015625 0.15546875 0.2404296875
5 0.5017578125 0.64794921875 0.0669921875 0.0625
7 0.491455078125 0.5849609375 0.10146484375 0.1435546875
5 0.65400390625 0.843896484375 0.10859375 0.16669921875
7 0.471435546875 0.7783203125 0.32587890625 0.4203125
5 0.56806640625 0.70458984375 0.09296875 0.1220703125
