7 0.16171875 0.44150390625 0.0486328125 0.05234375
1 0.465283203125 0.444091796875 0.63662109375 0.47978515625
1 0.415185546875 0.370458984375 0.35126953125 0.13017578125
1 0.5732421875 0.31645507812499996 0.0625 0.02666015625
1 0.538330078125 0.37109375 0.04775390625 0.0447265625
0 0.624560546875 0.34487304687500003 0.20048828125 0.10068359375
1 0.5690429687499999 0.39091796875 0.0408203125 0.0314453125
1 0.40268554687499997 0.36669921875 0.09697265625 0.0255859375
1 0.429931640625 0.33046875 0.28935546875 0.2208984375
1 0.348095703125 0.3810546875 0.08798828125 0.038671875
7 0.5833496093749999 0.36162109375 0.08212890625 0.044921875
