7 0.222119140625 0.579736328125 0.27880859375 0.23681640625
7 0.6703125000000001 0.6294921874999999 0.390234375 0.1607421875
7 0.43144531249999996 0.6077636718749999 0.1564453125 0.17587890625
0 0.36025390625 0.65498046875 0.086328125 0.0560546875
0 0.59423828125 0.518701171875 0.11640625 0.03740234375
1 0.5361816406250001 0.5110351562500001 0.24501953125 0.0716796875
7 0.3466796875 0.8041015625000001 0.5095703125 0.288671875
1 0.5171875 0.4765625 0.125 0.0568359375
4 0.363720703125 0.34829101562500003 0.06943359375 0.09150390625
6 0.5529296875 0.38642578125000004 0.2380859375 0.169140625
5 0.3349609375 0.445654296875 0.109765625 0.06298828125
5 0.3943359375 0.46958007812499997 0.090234375 0.06865234375
5 0.379150390625 0.408349609375 0.10810546875 0.06865234375
5 0.44091796875 0.42680664062499996 0.1021484375 0.08037109375
6 0.643798828125 0.39287109375 0.22548828125 0.1021484375
6 0.705810546875 0.308642578125 0.15771484375 0.19619140625
6 0.5897949218749999 0.296484375 0.14384765625 0.1470703125
