1 0.51748046875 0.8025390625 0.2724609375 0.268359375
2 0.338232421875 0.65908203125 0.15869140625 0.112890625
2 0.5819824218749999 0.4849609375 0.19248046875 0.173828125
2 0.7587890625 0.504248046875 0.215234375 0.23955078125
2 0.370849609375 0.511865234375 0.19208984375 0.19892578125
2 0.539501953125 0.6287109375000001 0.30849609375 0.1810546875
2 0.72919921875 0.701123046875 0.2685546875 0.18154296875
2 0.235986328125 0.78232421875 0.24111328125 0.199609375
2 0.467919921875 0.587646484375 0.18720703125 0.13662109375
2 0.25888671875 0.8859374999999999 0.2982421875 0.226171875
1 0.6240234375 0.88232421875 0.450390625 0.2333984375
0 0.428271484375 0.850244140625 0.06416015625 0.16669921875
2 0.358642578125 0.76015625 0.10478515625 0.163671875
0 0.336328125 0.958056640625 0.148828125 0.08330078125
