0 0.8611328125 0.76826171875 0.2771484375 0.275390625
6 0.5251953125 0.762451171875 0.2861328125 0.19306640625
6 0.534375 0.726953125 0.1611328125 0.0857421875
6 0.493994140625 0.623291015625 0.31689453125 0.23154296875
6 0.48759765624999996 0.46259765625 0.3498046875 0.269140625
7 0.922998046875 0.493896484375 0.15341796875 0.33720703125
0 0.850634765625 0.56044921875 0.29814453125 0.2357421875
0 0.84541015625 0.49521484374999997 0.203125 0.0935546875
7 0.862109375 0.5551269531249999 0.2060546875 0.08017578125
0 0.6380859375 0.960009765625 0.104296875 0.04404296875
7 0.35966796875 0.9603515625 0.18125 0.0787109375
