1 0.965087890625 0.042236328125 0.06943359375 0.08447265625
1 0.49990234375 0.499853515625 0.9998046875 0.99970703125
0 0.434033203125 0.386865234375 0.10673828125 0.28818359375
2 0.4333984375 0.46479492187500004 0.0255859375 0.04365234375
7 0.4833984375 0.48334960937500004 0.1173828125 0.26591796875
5 0.52392578125 0.46845703125 0.0353515625 0.144140625
7 0.3615234375 0.2306640625 0.1228515625 0.081640625
0 0.361083984375 0.230712890625 0.12021484375 0.07841796875
7 0.7159667968750001 0.208349609375 0.14150390625 0.05498046875
0 0.71533203125 0.214306640625 0.140234375 0.06455078125
7 0.7083496093749999 0.466455078125 0.50517578125 0.52255859375
4 0.4046875 0.61240234375 0.2482421875 0.1791015625
5 0.342822265625 0.36357421875 0.22939453125 0.319140625
4 0.609619140625 0.6612304687499999 0.26259765625 0.159765625
4 0.640576171875 0.526513671875 0.23896484375 0.23408203125
4 0.6078613281249999 0.321630859375 0.22177734375 0.15419921875
3 0.3859375 0.6380859375000001 0.275390625 0.269140625
