7 0.79697265625 0.5298828125 0.385546875 0.3087890625
1 0.221533203125 0.437451171875 0.05029296875 0.11357421875
1 0.265576171875 0.444921875 0.11904296875 0.1076171875
7 0.24140625 0.31015624999999997 0.1693359375 0.0994140625
1 0.338330078125 0.4140625 0.30029296875 0.158984375
1 0.42724609375 0.381591796875 0.4828125 0.08603515625
1 0.56845703125 0.38193359375 0.161328125 0.0634765625
1 0.48940429687500003 0.33989257812499996 0.36240234375 0.09501953125
7 0.33828125 0.167431640625 0.3849609375 0.33486328125
7 0.53857421875 0.29765625 0.060546875 0.0228515625
7 0.43505859375 0.5748046875 0.405078125 0.2453125
1 0.6846679687499999 0.8078125 0.288671875 0.2435546875
1 0.458837890625 0.778369140625 0.45869140625 0.35986328125
1 0.58662109375 0.48330078125 0.3736328125 0.2462890625
1 0.7181152343749999 0.891748046875 0.15048828125 0.15654296875
