4 0.08232421875 0.76435546875 0.1646484375 0.1388671875
4 0.736083984375 0.84873046875 0.29228515625 0.1150390625
4 0.735107421875 0.7162597656249999 0.27451171875 0.17412109375
4 0.729833984375 0.46269531249999996 0.24541015625 0.2205078125
4 0.731005859375 0.5751953125 0.25029296875 0.180078125
4 0.539501953125 0.68916015625 0.26025390625 0.1828125
4 0.5267578125 0.4369140625 0.2962890625 0.252734375
4 0.545458984375 0.559521484375 0.25888671875 0.23017578125
4 0.53271484375 0.33095703125 0.2896484375 0.2666015625
4 0.31298828125 0.677197265625 0.2576171875 0.22744140625
4 0.739111328125 0.32900390625 0.21826171875 0.1892578125
4 0.29580078125 0.7922851562500001 0.2470703125 0.1361328125
4 0.523876953125 0.8247558593750001 0.26591796875 0.12080078125
