6 0.7490722656250001 0.436181640625 0.07294921875 0.12568359375
6 0.741796875 0.38720703125 0.09375 0.1150390625
6 0.642333984375 0.325390625 0.22919921875 0.1435546875
6 0.6450683593750001 0.25439453125 0.23212890625 0.1193359375
7 0.6296875 0.497216796875 0.3134765625 0.53408203125
7 0.470751953125 0.479296875 0.02431640625 0.047265625
7 0.440478515625 0.561767578125 0.10263671875 0.17587890625
7 0.395751953125 0.6345703125 0.16298828125 0.2791015625
7 0.3091796875 0.76337890625 0.241796875 0.3720703125
2 0.421142578125 0.64794921875 0.02177734375 0.090234375
6 0.6229980468749999 0.175244140625 0.17509765625 0.12763671875
6 0.6231445312499999 0.1197265625 0.175390625 0.07734375
7 0.379345703125 0.623486328125 0.04638671875 0.06708984375
