1 0.203857421875 0.636376953125 0.40771484375 0.41962890625
1 0.444970703125 0.61767578125 0.11474609375 0.142578125
1 0.277099609375 0.673583984375 0.41201171875 0.22275390625
7 0.776806640625 0.67119140625 0.26123046875 0.17265625
1 0.518408203125 0.52021484375 0.34228515625 0.2150390625
1 0.558544921875 0.506494140625 0.28837890625 0.16767578125
1 0.552099609375 0.50263671875 0.19150390625 0.1580078125
1 0.520849609375 0.4375 0.16728515625 0.1939453125
1 0.5634765625 0.22397460937500002 0.2189453125 0.35263671875
1 0.58349609375 0.2578125 0.11875 0.0642578125
1 0.7784667968750001 0.074755859375 0.16201171875 0.14853515625
1 0.8515625 0.074169921875 0.2962890625 0.14833984375
1 0.8234375 0.254052734375 0.351171875 0.31474609375
1 0.8668457031250001 0.197509765625 0.26552734375 0.34697265625
1 0.6261230468750001 0.16357421875 0.18154296875 0.201171875
1 0.5646484374999999 0.1732421875 0.07109375 0.050390625
1 0.71728515625 0.37236328124999996 0.1646484375 0.2169921875
2 0.8323730468749999 0.40107421875 0.08994140625 0.0560546875
