1 0.184375 0.69150390625 0.2390625 0.2638671875
7 0.3833984375 0.6561523437500001 0.2662109375 0.29140625
5 0.38242187499999997 0.517724609375 0.07109375 0.04091796875
5 0.4345703125 0.544873046875 0.1025390625 0.05556640625
5 0.34194335937500003 0.562060546875 0.13291015625 0.06103515625
5 0.35205078125 0.6130859375000001 0.077734375 0.0431640625
5 0.41533203125 0.590673828125 0.1322265625 0.09501953125
5 0.333984375 0.65703125 0.041015625 0.0376953125
7 0.29995117187500003 0.60849609375 0.09189453125 0.140625
7 0.7875488281249999 0.4091796875 0.23251953125 0.2822265625
7 0.6039550781249999 0.4927734375 0.16435546875 0.2197265625
5 0.598388671875 0.435791015625 0.08701171875 0.06396484375
7 0.7855468750000001 0.31435546875000003 0.1927734375 0.059765625
