0 0.499853515625 0.499853515625 0.99970703125 0.99970703125
0 0.4751953125 0.731396484375 0.4794921875 0.23017578125
4 0.576904296875 0.707177734375 0.04990234375 0.08505859375
4 0.39814453125 0.4017578125 0.058203125 0.027734375
4 0.58896484375 0.560302734375 0.118359375 0.24501953125
4 0.527099609375 0.42197265624999997 0.04697265625 0.0736328125
4 0.52197265625 0.413525390625 0.11015625 0.06572265625
4 0.57900390625 0.509375 0.25859375 0.1775390625
4 0.433056640625 0.382373046875 0.11806640625 0.08310546875
4 0.3654296875 0.46420898437499997 0.09453125 0.10146484375
4 0.41767578125 0.559619140625 0.1130859375 0.12822265625
4 0.427392578125 0.6181640625 0.10283203125 0.1029296875
4 0.523193359375 0.615625 0.12568359375 0.16171875
4 0.443310546875 0.468017578125 0.26162109375 0.19638671875
4 0.440283203125 0.708056640625 0.27880859375 0.12646484375
4 0.711279296875 0.75 0.10908203125 0.1259765625
4 0.507568359375 0.8161132812499999 0.31748046875 0.144140625
4 0.6564453125 0.694677734375 0.200390625 0.21630859375
0 0.763037109375 0.6288574218749999 0.14384765625 0.06279296875
