1 0.7416015625 0.5416992187499999 0.108203125 0.1109375
1 0.36064453124999996 0.621484375 0.205859375 0.1130859375
7 0.2376953125 0.4876953125 0.0857421875 0.1923828125
1 0.22216796875 0.374658203125 0.0857421875 0.14580078125
1 0.364794921875 0.5263183593749999 0.19775390625 0.14951171875
1 0.41728515625 0.44931640624999997 0.0853515625 0.0916015625
7 0.380078125 0.511328125 0.072265625 0.0140625
0 0.3919921875 0.5050781249999999 0.0583984375 0.0162109375
1 0.2322265625 0.47958984375 0.0486328125 0.0744140625
1 0.549853515625 0.485546875 0.30068359375 0.2818359375
1 0.36787109375 0.40375976562500004 0.2626953125 0.20830078125
7 0.623779296875 0.45439453125 0.13232421875 0.08828125
7 0.5626953125 0.4755859375 0.1916015625 0.0517578125
7 0.33515625 0.381884765625 0.053515625 0.01865234375
7 0.35683593750000003 0.396630859375 0.0763671875 0.02294921875
0 0.2052734375 0.832470703125 0.052734375 0.05029296875
