7 0.34501953124999996 0.30908203125 0.1130859375 0.0982421875
7 0.756103515625 0.69677734375 0.27705078125 0.29765625
7 0.594580078125 0.8857421875 0.22294921875 0.2271484375
7 0.57890625 0.8892578125 0.262890625 0.2208984375
7 0.941943359375 0.505908203125 0.11552734375 0.35185546875
7 0.8479980468749999 0.76982421875 0.30361328125 0.4232421875
7 0.367236328125 0.3416015625 0.08212890625 0.05625
7 0.85 0.884375 0.299609375 0.23046875
7 0.33212890625 0.6698242187500001 0.529296875 0.659765625
7 0.61123046875 0.47568359375 0.54140625 0.598828125
1 0.085546875 0.9682128906249999 0.17109375 0.06279296875
0 0.79365234375 0.46000976562499996 0.0421875 0.08134765625
