1 0.665869140625 0.7253906250000001 0.33037109375 0.246484375
7 0.118701171875 0.3396484375 0.23740234375 0.4734375
7 0.784716796875 0.346533203125 0.41201171875 0.24755859375
7 0.6043457031249999 0.25400390625 0.43349609375 0.2921875
7 0.28242187500000004 0.345654296875 0.2771484375 0.23837890625
1 0.344580078125 0.8743164062500001 0.15009765625 0.074609375
0 0.8402832031249999 0.7640625 0.02451171875 0.1763671875
2 0.828564453125 0.76826171875 0.05849609375 0.0478515625
1 0.67939453125 0.772607421875 0.2080078125 0.45439453125
7 0.8203125 0.540478515625 0.3587890625 0.24111328125
7 0.56064453125 0.462109375 0.32109375 0.2783203125
7 0.28334960937500003 0.643505859375 0.52314453125 0.46259765625
0 0.789697265625 0.6822265624999999 0.11376953125 0.0513671875
1 0.626513671875 0.378369140625 0.09423828125 0.04091796875
