7 0.688818359375 0.6831542968750001 0.06123046875 0.16865234375
0 0.9210937499999999 0.5777343749999999 0.0837890625 0.05625
2 0.922900390625 0.509130859375 0.15380859375 0.16767578125
0 0.5704101562499999 0.358642578125 0.097265625 0.15771484375
1 0.431201171875 0.239111328125 0.07763671875 0.11376953125
1 0.282275390625 0.81875 0.07490234375 0.049609375
1 0.16455078125 0.7979492187499999 0.06171875 0.0806640625
2 0.329345703125 0.17753906249999998 0.13388671875 0.2552734375
1 0.340576171875 0.43125 0.27236328125 0.2876953125
1 0.229150390625 0.2931640625 0.29912109375 0.340234375
1 0.2306640625 0.10019531250000001 0.086328125 0.131640625
1 0.029150390625 0.64990234375 0.05478515625 0.1193359375
1 0.082958984375 0.675390625 0.11181640625 0.1173828125
1 0.255419921875 0.7714355468749999 0.13095703125 0.07138671875
1 0.232373046875 0.723876953125 0.09326171875 0.11044921875
2 0.330078125 0.67392578125 0.1076171875 0.1779296875
1 0.1521484375 0.63916015625 0.2130859375 0.2638671875
0 0.34897460937499997 0.58564453125 0.01884765625 0.04296875
1 0.42099609374999997 0.7044921875000001 0.1361328125 0.1087890625
1 0.10493164062499999 0.8185058593750001 0.05107421875 0.07607421875
0 0.39794921875 0.72353515625 0.0880859375 0.13359375
1 0.218603515625 0.580712890625 0.25771484375 0.20107421875
1 0.405859375 0.67109375 0.081640625 0.0419921875
1 0.49404296875 0.3287109375 0.1359375 0.18984375
7 0.587109375 0.44970703125 0.1435546875 0.131640625
2 0.51845703125 0.506982421875 0.1931640625 0.21630859375
2 0.44384765625 0.61240234375 0.1921875 0.0939453125
1 0.33017578124999997 0.6864746093749999 0.07890625 0.11240234375
1 0.351416015625 0.769873046875 0.13837890625 0.05224609375
2 0.6397460937499999 0.622705078125 0.1470703125 0.23681640625
2 0.856201171875 0.381982421875 0.19697265625 0.25263671875
2 0.7202636718750001 0.39370117187500003 0.14033203125 0.23251953125
0 0.77626953125 0.24453124999999998 0.0322265625 0.1001953125
1 0.7687011718750001 0.564599609375 0.13564453125 0.23642578125
0 0.593359375 0.40341796874999997 0.0671875 0.066796875
