1 0.232861328125 0.857666015625 0.15771484375 0.07509765625
1 0.4384765625 0.807861328125 0.1681640625 0.07939453125
1 0.440380859375 0.74306640625 0.14853515625 0.0767578125
1 0.236865234375 0.67919921875 0.13388671875 0.3201171875
1 0.4435546875 0.653466796875 0.201171875 0.25458984375
1 0.8405273437499999 0.696142578125 0.1765625 0.20966796875
1 0.6443847656249999 0.7392578125 0.28623046875 0.3587890625
1 0.69853515625 0.530810546875 0.232421875 0.27451171875
1 0.38173828125000003 0.529248046875 0.2564453125 0.32705078125
1 0.260546875 0.14633789062500002 0.1619140625 0.11611328125
1 0.25634765625 0.32158203125 0.2556640625 0.3125
