0 0.8876953125 0.4173828125 0.223828125 0.5515625
1 0.4404296875 0.41230468750000004 0.7228515625 0.4927734375
1 0.464013671875 0.203369140625 0.20771484375 0.12001953125
1 0.318115234375 0.7533203125000001 0.63623046875 0.35390625
1 0.3662109375 0.640087890625 0.5009765625 0.23310546875
1 0.4029296875 0.478662109375 0.4189453125 0.30205078125
1 0.783203125 0.702001953125 0.35546875 0.32568359375
1 0.78857421875 0.5992675781250001 0.3224609375 0.17861328125
1 0.8343750000000001 0.46904296874999996 0.18984375 0.20390625
1 0.7728027343749999 0.5408203125 0.21494140625 0.2685546875
