1 0.37080078125 0.42236328125 0.0482421875 0.037109375
1 0.47397460937499997 0.071533203125 0.10927734375 0.06669921875
1 0.527099609375 0.09365234374999999 0.02919921875 0.054296875
1 0.39936523437500004 0.140576171875 0.21943359375 0.17880859375
1 0.46455078125 0.182373046875 0.232421875 0.10712890625
1 0.534912109375 0.04140625 0.02763671875 0.0828125
1 0.729931640625 0.133154296875 0.04755859375 0.05244140625
1 0.664404296875 0.07724609375 0.25048828125 0.1544921875
1 0.6408203125 0.146142578125 0.1611328125 0.08681640625
7 0.73193359375 0.173583984375 0.046875 0.06142578125
1 0.21162109375000002 0.317041015625 0.0359375 0.03056640625
1 0.276025390625 0.308203125 0.14892578125 0.150390625
1 0.569091796875 0.400830078125 0.29541015625 0.04619140625
1 0.504736328125 0.29218750000000004 0.54150390625 0.278125
1 0.26103515625 0.425439453125 0.1796875 0.16923828125
1 0.56533203125 0.4794921875 0.5546875 0.196484375
1 0.787841796875 0.824658203125 0.42392578125 0.18505859375
1 0.603271484375 0.44892578125 0.13193359375 0.075
2 0.44658203124999996 0.46435546875 0.045703125 0.0533203125
1 0.515673828125 0.440673828125 0.16162109375 0.10224609375
1 0.707470703125 0.6169921875 0.58466796875 0.3232421875
1 0.51806640625 0.12338867187500001 0.0482421875 0.03701171875
1 0.45400390625 0.18056640624999998 0.19921875 0.1
1 0.33242187500000003 0.23701171875000002 0.0591796875 0.0232421875
