7 0.52861328125 0.849560546875 0.5880859375 0.30068359375
7 0.89990234375 0.855126953125 0.2 0.28955078125
7 0.12783203125 0.91591796875 0.2556640625 0.16796875
7 0.081591796875 0.49199218749999996 0.13369140625 0.1251953125
7 0.17392578125 0.6904296875 0.3478515625 0.392578125
7 0.023291015625 0.529296875 0.04658203125 0.2220703125
7 0.2951171875 0.48251953125 0.54296875 0.4990234375
5 0.40888671875 0.3689453125 0.1640625 0.0705078125
5 0.330224609375 0.42905273437499997 0.20517578125 0.07900390625
5 0.19130859375 0.510302734375 0.0919921875 0.13505859375
5 0.38056640625000004 0.47905273437499996 0.0373046875 0.03251953125
3 0.28251953125 0.58037109375 0.14140625 0.0947265625
5 0.291357421875 0.516650390625 0.19814453125 0.15185546875
5 0.17109375 0.36572265625 0.252734375 0.1333984375
5 0.255859375 0.37568359375 0.273828125 0.1578125
1 0.7356933593749999 0.63837890625 0.52822265625 0.5935546875
4 0.7524902343750001 0.604345703125 0.07197265625 0.07685546875
3 0.56982421875 0.627294921875 0.09375 0.11357421875
3 0.717431640625 0.683349609375 0.09111328125 0.05283203125
3 0.6671875 0.61591796875 0.118359375 0.08984375
5 0.8586914062500001 0.450146484375 0.1185546875 0.11650390625
5 0.5990722656249999 0.4607421875 0.13408203125 0.0822265625
3 0.601220703125 0.5384765625 0.11962890625 0.0974609375
4 0.823486328125 0.511767578125 0.15673828125 0.23291015625
5 0.841650390625 0.608935546875 0.12197265625 0.08037109375
5 0.895361328125 0.54619140625 0.04755859375 0.08671875
3 0.549609375 0.689697265625 0.189453125 0.11884765625
3 0.6287109375 0.6845703125 0.1072265625 0.098828125
3 0.6633789062500001 0.4326171875 0.10390625 0.1201171875
5 0.7298828125 0.4599609375 0.17578125 0.2568359375
0 0.548681640625 0.469482421875 0.08271484375 0.12333984375
0 0.7298828125000001 0.56865234375 0.4251953125 0.214453125
