5 0.725439453125 0.9288574218750001 0.24404296875 0.14150390625
5 0.6412109375 0.718603515625 0.408984375 0.56220703125
1 0.84619140625 0.5828125 0.095703125 0.16171875
1 0.92158203125 0.72607421875 0.15625 0.3859375
1 0.782861328125 0.7494628906249999 0.34794921875 0.29130859375
1 0.7197265625 0.7972656250000001 0.3244140625 0.1283203125
1 0.72041015625 0.78916015625 0.296875 0.0677734375
1 0.68828125 0.6722656250000001 0.362109375 0.2671875
1 0.489111328125 0.655419921875 0.14033203125 0.27177734375
1 0.318994140625 0.7455566406249999 0.23115234375 0.18681640625
1 0.408203125 0.888427734375 0.3041015625 0.22255859375
1 0.248876953125 0.8273437499999999 0.14111328125 0.34453125
1 0.15361328125 0.817822265625 0.195703125 0.36376953125
1 0.0859375 0.899755859375 0.171875 0.19970703125
1 0.33876953125 0.45917968750000004 0.3337890625 0.1994140625
1 0.08779296875 0.8466796875 0.1755859375 0.2046875
1 0.3396484375 0.6222167968750001 0.304296875 0.24111328125
1 0.11298828125 0.5816406249999999 0.2259765625 0.3578125
1 0.67646484375 0.562158203125 0.265625 0.25263671875
0 0.65224609375 0.72275390625 0.1984375 0.0830078125
0 0.76796875 0.888037109375 0.1083984375 0.20869140625
1 0.65439453125 0.259765625 0.366796875 0.51953125
