6 0.930419921875 0.334326171875 0.13857421875 0.09775390625
7 0.962255859375 0.41708984374999997 0.07470703125 0.0697265625
7 0.280419921875 0.39643554687500004 0.06748046875 0.06220703125
1 0.633935546875 0.796484375 0.36708984375 0.1064453125
1 0.16533203125 0.6833984375 0.3306640625 0.1708984375
0 0.062158203125 0.732958984375 0.12431640625 0.08505859375
1 0.19892578125 0.530859375 0.3978515625 0.3271484375
1 0.600341796875 0.655517578125 0.48974609375 0.27724609375
0 0.7549316406250001 0.73935546875 0.07802734375 0.3095703125
1 0.81435546875 0.8296875 0.0591796875 0.1912109375
1 0.885546875 0.75537109375 0.1646484375 0.4888671875
1 0.92099609375 0.715869140625 0.075390625 0.43876953125
1 0.963330078125 0.7308593750000001 0.07275390625 0.5376953125
1 0.433837890625 0.4177734375 0.26650390625 0.2427734375
1 0.76474609375 0.45 0.435546875 0.304296875
1 0.58388671875 0.34326171875 0.5896484375 0.34375
1 0.372412109375 0.353076171875 0.07080078125 0.09052734375
0 0.355029296875 0.398876953125 0.10751953125 0.09130859375
