7 0.7022949218750001 0.972412109375 0.28994140625 0.05458984375
7 0.6427734374999999 0.38520507812500004 0.11484375 0.04365234375
7 0.39931640625 0.224072265625 0.174609375 0.12001953125
7 0.50771484375 0.256640625 0.095703125 0.109765625
7 0.542724609375 0.31298828125 0.07412109375 0.151171875
1 0.380712890625 0.32622070312499996 0.15380859375 0.21064453125
1 0.169189453125 0.75205078125 0.26142578125 0.40546875
6 0.073388671875 0.46328125 0.14677734375 0.299609375
6 0.23911132812500002 0.439208984375 0.22470703125 0.28310546875
7 0.46962890625000003 0.39453125 0.2408203125 0.1646484375
7 0.3515625 0.641552734375 0.47890625 0.71630859375
1 0.37607421875 0.512548828125 0.1123046875 0.10185546875
7 0.03173828125 0.965625 0.0634765625 0.0681640625
7 0.957568359375 0.7679687500000001 0.08427734375 0.46328125
1 0.8546386718750001 0.817626953125 0.29013671875 0.34560546875
1 0.7267578125 0.844189453125 0.2298828125 0.27509765625
1 0.479248046875 0.8654296875 0.34150390625 0.2685546875
1 0.52041015625 0.44721679687500004 0.21796875 0.10615234375
1 0.60947265625 0.7318359375 0.671875 0.381640625
1 0.542138671875 0.6649902343749999 0.39677734375 0.19443359375
1 0.5440429687499999 0.650146484375 0.355859375 0.16201171875
1 0.503076171875 0.607177734375 0.05830078125 0.06220703125
1 0.495849609375 0.610107421875 0.26064453125 0.14150390625
1 0.62861328125 0.592138671875 0.50078125 0.24306640625
1 0.606103515625 0.4556640625 0.17509765625 0.097265625
1 0.700732421875 0.425927734375 0.05478515625 0.03505859375
1 0.7869140625 0.4775390625 0.220703125 0.2328125
1 0.84521484375 0.7068359375 0.1314453125 0.2265625
7 0.060400390625 0.7032714843750001 0.12080078125 0.54599609375
4 0.090478515625 0.95771484375 0.07041015625 0.083984375
6 0.23828125 0.311865234375 0.07734375 0.15341796875
6 0.3083984375 0.2919921875 0.1177734375 0.174609375
5 0.082861328125 0.283837890625 0.06494140625 0.05849609375
0 0.726025390625 0.5315917968749999 0.32763671875 0.32900390625
