0 0.407421875 0.35888671875 0.144140625 0.0966796875
2 0.243017578125 0.414306640625 0.07275390625 0.05927734375
7 0.31313476562500003 0.40712890625 0.09189453125 0.0369140625
5 0.305859375 0.428955078125 0.1025390625 0.04091796875
0 0.38740234375 0.459814453125 0.0677734375 0.04013671875
0 0.43798828125 0.494189453125 0.069140625 0.04189453125
5 0.74384765625 0.63876953125 0.1173828125 0.0642578125
1 0.87255859375 0.5897460937500001 0.060546875 0.02578125
7 0.7418945312499999 0.8126953125 0.1822265625 0.126953125
7 0.639599609375 0.899462890625 0.07607421875 0.07666015625
1 0.083154296875 0.5608398437500001 0.16103515625 0.1048828125
0 0.14501953125 0.6291015625 0.2900390625 0.2298828125
