5 0.841943359375 0.462158203125 0.08994140625 0.03095703125
7 0.562548828125 0.447998046875 0.53505859375 0.41787109375
5 0.41777343749999996 0.4853515625 0.07109375 0.066015625
0 0.41831054687499997 0.42802734374999996 0.04033203125 0.0828125
5 0.646533203125 0.40771484375 0.21298828125 0.13046875
5 0.601416015625 0.3984375 0.16572265625 0.1193359375
5 0.103515625 0.4986328125 0.1322265625 0.085546875
4 0.291845703125 0.5111328125 0.16630859375 0.373046875
4 0.40546875 0.633154296875 0.1044921875 0.23564453125
4 0.616943359375 0.600927734375 0.15244140625 0.32041015625
4 0.505615234375 0.654638671875 0.19443359375 0.44267578125
4 0.694921875 0.77421875 0.1345703125 0.20859375
7 0.9041015625 0.7472656249999999 0.123046875 0.1423828125
5 0.88974609375 0.5382812499999999 0.219921875 0.1470703125
1 0.964404296875 0.46962890625000003 0.07041015625 0.06171875
4 0.262109375 0.58916015625 0.2046875 0.4248046875
