7 0.774072265625 0.51650390625 0.19697265625 0.31484375
7 0.867578125 0.371533203125 0.0798828125 0.07900390625
7 0.918310546875 0.567919921875 0.16298828125 0.43154296875
7 0.8914062500000001 0.660009765625 0.0763671875 0.09853515625
7 0.89921875 0.72939453125 0.11484375 0.1306640625
7 0.108203125 0.5669921875 0.1986328125 0.2919921875
7 0.29252929687499996 0.549462890625 0.32021484375 0.45009765625
6 0.56298828125 0.62431640625 0.24453125 0.2400390625
6 0.581884765625 0.48891601562500003 0.22470703125 0.23251953125
7 0.38330078125 0.384765625 0.1921875 0.3435546875
7 0.736474609375 0.69873046875 0.11728515625 0.2103515625
7 0.794189453125 0.6773925781250001 0.13642578125 0.18154296875
