1 0.449267578125 0.30869140625 0.14658203125 0.319140625
7 0.847998046875 0.19091796875 0.18896484375 0.323046875
7 0.67509765625 0.102880859375 0.226171875 0.18916015625
5 0.649755859375 0.0552734375 0.07685546875 0.0853515625
7 0.677294921875 0.32158203125 0.42060546875 0.6431640625
5 0.39897460937499996 0.425244140625 0.24580078125 0.20302734375
6 0.358154296875 0.807666015625 0.29169921875 0.38388671875
6 0.39921875 0.737548828125 0.366796875 0.34619140625
6 0.4439453125 0.507470703125 0.123046875 0.11279296875
7 0.3583984375 0.59443359375 0.279296875 0.2423828125
7 0.079736328125 0.6426757812499999 0.15947265625 0.2748046875
0 0.488330078125 0.160400390625 0.06298828125 0.10380859375
0 0.46455078125 0.170751953125 0.066015625 0.08232421875
