0 0.293017578125 0.886865234375 0.08955078125 0.09326171875
0 0.45732421875 0.79892578125 0.0724609375 0.114453125
7 0.911181640625 0.74619140625 0.14189453125 0.151171875
0 0.701708984375 0.123486328125 0.09990234375 0.11279296875
5 0.683203125 0.213671875 0.0568359375 0.0873046875
7 0.8302734375 0.393212890625 0.3390625 0.48681640625
7 0.978759765625 0.41103515625 0.04189453125 0.125
7 0.980859375 0.333544921875 0.0376953125 0.07705078125
7 0.819287109375 0.115234375 0.36083984375 0.23046875
5 0.55380859375 0.464453125 0.0744140625 0.155078125
7 0.702392578125 0.544677734375 0.30361328125 0.46826171875
5 0.769091796875 0.834130859375 0.24755859375 0.23115234375
7 0.34560546875 0.44228515625 0.4208984375 0.8138671875
5 0.446484375 0.282275390625 0.1240234375 0.09755859375
5 0.341943359375 0.20390625 0.06923828125 0.1498046875
0 0.6001464843750001 0.7443359375 0.04658203125 0.06875
