0 0.22783203124999998 0.591015625 0.0939453125 0.2306640625
0 0.3740234375 0.415869140625 0.3822265625 0.22119140625
0 0.24521484375 0.545556640625 0.2814453125 0.14013671875
0 0.282958984375 0.763134765625 0.06650390625 0.03173828125
0 0.338623046875 0.738330078125 0.21298828125 0.06201171875
0 0.5200683593750001 0.7423828124999999 0.05458984375 0.023046875
7 0.412060546875 0.7548339843749999 0.04501953125 0.02255859375
7 0.4234375 0.7104003906249999 0.1822265625 0.08505859375
0 0.53603515625 0.70732421875 0.0701171875 0.0634765625
0 0.567431640625 0.64970703125 0.16337890625 0.107421875
7 0.60302734375 0.65078125 0.3158203125 0.0376953125
7 0.530224609375 0.5560546875 0.29267578125 0.1626953125
7 0.5365234375 0.5228515625 0.3244140625 0.2361328125
7 0.344091796875 0.654443359375 0.32841796875 0.23193359375
