1 0.21044921875 0.82958984375 0.3296875 0.31796875
1 0.312939453125 0.8208496093750001 0.08232421875 0.12275390625
1 0.13115234375 0.7518554687500001 0.08828125 0.13515625
5 0.19580078125 0.7310058593750001 0.16796875 0.22744140625
1 0.09721679687500001 0.8302734374999999 0.06220703125 0.0349609375
4 0.27724609375 0.53486328125 0.07109375 0.1609375
1 0.6572265625 0.63427734375 0.28203125 0.111328125
5 0.648291015625 0.6278808593749999 0.25361328125 0.03349609375
1 0.6613281249999999 0.3791015625 0.25859375 0.1103515625
7 0.72666015625 0.231201171875 0.26484375 0.31103515625
7 0.407421875 0.5298828125 0.18515625 0.2205078125
0 0.3197265625 0.448388671875 0.0515625 0.03076171875
5 0.25986328125 0.766015625 0.2228515625 0.15703125
