4 0.77626953125 0.43017578125 0.2099609375 0.230859375
4 0.674072265625 0.47490234375 0.04267578125 0.0376953125
4 0.831201171875 0.36220703125 0.06708984375 0.0671875
4 0.960693359375 0.3759765625 0.07080078125 0.0654296875
4 0.875146484375 0.479248046875 0.04794921875 0.04287109375
4 0.365673828125 0.592138671875 0.10048828125 0.04287109375
4 0.241943359375 0.614404296875 0.14189453125 0.09892578125
4 0.0560546875 0.565185546875 0.112109375 0.05205078125
0 0.068798828125 0.6240722656250001 0.13759765625 0.08486328125
4 0.238330078125 0.509521484375 0.27021484375 0.09892578125
4 0.3306640625 0.384619140625 0.097265625 0.05634765625
0 0.22075195312499998 0.45688476562499997 0.10810546875 0.01591796875
4 0.08427734375 0.703759765625 0.0462890625 0.04736328125
4 0.482666015625 0.85595703125 0.10810546875 0.07890625
4 0.251318359375 0.4384765625 0.16201171875 0.0734375
