7 0.687841796875 0.41123046875 0.14306640625 0.1669921875
7 0.5277832031249999 0.34111328125 0.04814453125 0.0724609375
1 0.238232421875 0.39345703125000003 0.07666015625 0.036328125
5 0.268115234375 0.3986328125 0.06494140625 0.026171875
7 0.25654296875 0.55078125 0.1470703125 0.2900390625
7 0.519970703125 0.47915039062500003 0.07568359375 0.31748046875
7 0.593017578125 0.36528320312499996 0.16669921875 0.23115234375
7 0.55673828125 0.659228515625 0.1765625 0.40771484375
7 0.8705078125 0.527099609375 0.158203125 0.24599609375
7 0.7615234375 0.64931640625 0.2666015625 0.4408203125
