7 0.477978515625 0.44697265625 0.15771484375 0.097265625
7 0.260693359375 0.50771484375 0.32568359375 0.1369140625
7 0.468408203125 0.610888671875 0.26220703125 0.26337890625
7 0.43950195312499996 0.286865234375 0.16533203125 0.23583984375
7 0.266015625 0.264697265625 0.211328125 0.21201171875
1 0.28125 0.4076171875 0.2900390625 0.1306640625
5 0.22998046875 0.17470703125 0.0453125 0.0330078125
7 0.73203125 0.70517578125 0.49375 0.3849609375
7 0.299609375 0.71962890625 0.3974609375 0.3271484375
7 0.148486328125 0.841259765625 0.29697265625 0.23408203125
7 0.081005859375 0.902734375 0.16201171875 0.1939453125
