3 0.216455078125 0.7278320312500001 0.04990234375 0.03046875
7 0.3490234375 0.872802734375 0.1240234375 0.12255859375
0 0.32802734375000003 0.6576660156249999 0.0806640625 0.06279296875
0 0.47983398437499997 0.62880859375 0.12236328125 0.1396484375
1 0.8152832031249999 0.619091796875 0.21591796875 0.24306640625
0 0.5968749999999999 0.453857421875 0.0171875 0.11904296875
6 0.6312988281249999 0.323046875 0.06279296875 0.028515625
7 0.32685546875 0.3083984375 0.07109375 0.140625
5 0.551025390625 0.34604492187499997 0.12529296875 0.11064453125
1 0.267724609375 0.504296875 0.25166015625 0.199609375
