1 0.7978027343749999 0.8125 0.20732421875 0.143359375
1 0.705517578125 0.929736328125 0.33759765625 0.14013671875
1 0.580712890625 0.93876953125 0.16337890625 0.1220703125
1 0.2068359375 0.623876953125 0.413671875 0.31474609375
1 0.28818359375 0.856982421875 0.24375 0.28544921875
1 0.439697265625 0.915771484375 0.27021484375 0.16787109375
1 0.316259765625 0.828955078125 0.19013671875 0.19169921875
1 0.371533203125 0.871337890625 0.15244140625 0.13544921875
1 0.315185546875 0.8881347656249999 0.06748046875 0.11259765625
1 0.58583984375 0.780029296875 0.827734375 0.29267578125
1 0.591552734375 0.68115234375 0.81611328125 0.414453125
1 0.348583984375 0.9000976562499999 0.11904296875 0.1111328125
1 0.20380859375 0.869091796875 0.2185546875 0.26142578125
1 0.129638671875 0.8290527343749999 0.25927734375 0.17587890625
1 0.1111328125 0.91806640625 0.222265625 0.1634765625
1 0.0431640625 0.992041015625 0.086328125 0.01533203125
0 0.7771484375 0.972314453125 0.126953125 0.05478515625
