1 0.5919921875 0.520068359375 0.2685546875 0.11259765625
1 0.429833984375 0.36259765625 0.12099609375 0.023828125
1 0.5927734375 0.308349609375 0.4017578125 0.35322265625
1 0.5459472656250001 0.3212890625 0.04169921875 0.0240234375
1 0.600341796875 0.333349609375 0.14384765625 0.03818359375
1 0.621044921875 0.536474609375 0.05224609375 0.02177734375
1 0.556201171875 0.43281250000000004 0.32998046875 0.1765625
1 0.5550292968749999 0.45322265625 0.28798828125 0.15703125
1 0.5497558593749999 0.304443359375 0.08232421875 0.05283203125
7 0.2943359375 0.510498046875 0.4265625 0.34052734375
7 0.339892578125 0.769482421875 0.39677734375 0.43076171875
5 0.45952148437499996 0.587451171875 0.16767578125 0.03642578125
7 0.432373046875 0.613818359375 0.13720703125 0.10263671875
7 0.678173828125 0.6836425781250001 0.47548828125 0.30732421875
