1 0.43125 0.717431640625 0.0966796875 0.02412109375
1 0.247802734375 0.538330078125 0.17958984375 0.10849609375
1 0.41328125000000004 0.55244140625 0.153515625 0.2337890625
1 0.39892578125 0.6121093750000001 0.1966796875 0.191796875
1 0.26118164062500004 0.3662109375 0.25791015625 0.2953125
1 0.213623046875 0.925634765625 0.26708984375 0.14814453125
1 0.22299804687500002 0.719677734375 0.32841796875 0.28798828125
1 0.696923828125 0.698193359375 0.16865234375 0.14052734375
1 0.55322265625 0.6881835937499999 0.12578125 0.1541015625
1 0.437353515625 0.8619628906250001 0.18974609375 0.27548828125
1 0.68134765625 0.985400390625 0.31796875 0.02841796875
1 0.683056640625 0.8521972656250001 0.32392578125 0.28505859375
1 0.7008300781250001 0.594580078125 0.16396484375 0.22158203125
1 0.714208984375 0.36572265625 0.15849609375 0.25
1 0.5625488281250001 0.5130859375 0.14736328125 0.2232421875
1 0.5774414062500001 0.313330078125 0.1359375 0.21591796875
