7 0.13173828125 0.876123046875 0.0541015625 0.09619140625
6 0.750390625 0.491796875 0.1912109375 0.1521484375
1 0.6115234375 0.669677734375 0.0578125 0.10185546875
7 0.48735351562499996 0.8849609375 0.41572265625 0.2294921875
1 0.44677734375 0.677197265625 0.2720703125 0.41533203125
0 0.55966796875 0.471533203125 0.0439453125 0.06943359375
1 0.44160156250000004 0.501025390625 0.1931640625 0.30361328125
1 0.2244140625 0.680419921875 0.0625 0.06181640625
1 0.32924804687500003 0.844775390625 0.06220703125 0.13330078125
1 0.322900390625 0.9146484375 0.02880859375 0.0634765625
1 0.35922851562499997 0.884619140625 0.06865234375 0.09658203125
1 0.322412109375 0.944140625 0.11708984375 0.1111328125
1 0.37080078125 0.98193359375 0.038671875 0.0353515625
0 0.29414062500000004 0.896142578125 0.04609375 0.16728515625
1 0.22412109375 0.869580078125 0.1193359375 0.26025390625
1 0.22509765625 0.7847167968750001 0.08359375 0.14814453125
0 0.1828125 0.88857421875 0.1791015625 0.222265625
0 0.751123046875 0.440087890625 0.18876953125 0.03369140625
0 0.75048828125 0.4716796875 0.1875 0.0267578125
