9 0.34072265625 0.39619140625 0.1150390625 0.1474609375
5 0.250634765625 0.586181640625 0.11728515625 0.08896484375
5 0.293017578125 0.40244140625 0.07314453125 0.06015625
5 0.21743164062499998 0.456201171875 0.10244140625 0.18681640625
5 0.1314453125 0.26845703125 0.1681640625 0.21953125
7 0.096826171875 0.5213378906249999 0.19365234375 0.34951171875
1 0.2099609375 0.864453125 0.0826171875 0.2705078125
7 0.61572265625 0.687548828125 0.1837890625 0.17529296875
7 0.92587890625 0.431591796875 0.1478515625 0.26259765625
6 0.921923828125 0.548095703125 0.15576171875 0.23447265625
6 0.857958984375 0.51474609375 0.21103515625 0.2337890625
0 0.687353515625 0.419287109375 0.05732421875 0.04501953125
7 0.5224121093749999 0.52001953125 0.20908203125 0.23046875
1 0.418896484375 0.470849609375 0.11552734375 0.16201171875
9 0.805322265625 0.713134765625 0.32841796875 0.35419921875
1 0.30087890625 0.5033203125 0.1626953125 0.1798828125
0 0.352001953125 0.607470703125 0.09892578125 0.13818359375
6 0.384814453125 0.82890625 0.30185546875 0.3416015625
5 0.159375 0.6982421875 0.20859375 0.15703125
5 0.022705078125 0.74443359375 0.04541015625 0.1025390625
7 0.03037109375 0.900244140625 0.0607421875 0.19873046875
7 0.394970703125 0.490185546875 0.06669921875 0.09951171875
