1 0.06259765625 0.790380859375 0.0513671875 0.19775390625
9 0.28759765625 0.612939453125 0.4724609375 0.29462890625
7 0.6805664062500001 0.504833984375 0.3501953125 0.51884765625
9 0.68115234375 0.54716796875 0.3484375 0.409765625
7 0.632275390625 0.72265625 0.21748046875 0.1021484375
9 0.632666015625 0.7227539062499999 0.21474609375 0.1001953125
9 0.328076171875 0.581005859375 0.43798828125 0.28173828125
9 0.33818359375 0.4849609375 0.451171875 0.2232421875
9 0.307080078125 0.32568359375 0.48759765625 0.2037109375
9 0.7610351562500001 0.935546875 0.09296875 0.1283203125
7 0.49267578125 0.9609375 0.2666015625 0.07734375
6 0.931201171875 0.8869140625 0.09404296875 0.1640625
7 0.913232421875 0.9646484375 0.17314453125 0.0701171875
1 0.910693359375 0.423974609375 0.17802734375 0.27978515625
1 0.94501953125 0.8330078125 0.0478515625 0.04296875
1 0.954443359375 0.6982421875 0.09052734375 0.293359375
