5 0.6220214843749999 0.75205078125 0.08798828125 0.0908203125
5 0.623046875 0.522314453125 0.0462890625 0.04365234375
5 0.94150390625 0.385400390625 0.0701171875 0.13447265625
0 0.6795898437500001 0.7794921875 0.640234375 0.4404296875
4 0.4005859375 0.8429199218750001 0.0525390625 0.07021484375
0 0.6529296875 0.24658203125 0.1564453125 0.060546875
5 0.8558593750000001 0.2693359375 0.2876953125 0.17265625
5 0.96689453125 0.48310546875 0.0654296875 0.080859375
5 0.722216796875 0.37602539062499996 0.45771484375 0.32392578125
5 0.901318359375 0.48076171875 0.10419921875 0.050390625
5 0.88857421875 0.525244140625 0.222265625 0.10712890625
4 0.7645507812500001 0.596630859375 0.1712890625 0.25517578125
5 0.741748046875 0.6875 0.25400390625 0.15625
5 0.25693359375 0.43759765625 0.3716796875 0.140625
5 0.31728515625 0.453271484375 0.12734375 0.07666015625
5 0.38486328125 0.552490234375 0.118359375 0.07216796875
5 0.48969726562500004 0.40859375 0.15009765625 0.127734375
5 0.41123046875 0.48671875 0.1650390625 0.1396484375
5 0.514404296875 0.55048828125 0.22919921875 0.205078125
5 0.5232910156249999 0.656298828125 0.47060546875 0.26787109375
5 0.33515625 0.8250000000000001 0.1703125 0.21796875
5 0.195556640625 0.537060546875 0.28271484375 0.15302734375
5 0.26220703125 0.5666015625 0.1712890625 0.109375
5 0.156884765625 0.622607421875 0.20009765625 0.11435546875
5 0.18349609375 0.7948730468749999 0.0720703125 0.03720703125
5 0.322119140625 0.6441406249999999 0.17861328125 0.1294921875
7 0.21098632812499998 0.89208984375 0.30556640625 0.215234375
7 0.1119140625 0.72734375 0.223828125 0.294921875
7 0.040673828125 0.926318359375 0.08134765625 0.14677734375
0 0.23212890625000002 0.79345703125 0.049609375 0.0412109375
5 0.510595703125 0.833935546875 0.18251953125 0.15400390625
5 0.175048828125 0.707861328125 0.20068359375 0.12001953125
5 0.987548828125 0.406689453125 0.02412109375 0.05751953125
