1 0.255712890625 0.09853515625 0.28271484375 0.1970703125
1 0.325927734375 0.50556640625 0.48115234375 0.777734375
4 0.39755859375 0.40048828125 0.075390625 0.2400390625
4 0.30380859374999997 0.40458984375 0.08828125 0.081640625
1 0.235986328125 0.5421874999999999 0.08955078125 0.163671875
1 0.271435546875 0.4587890625 0.18076171875 0.2662109375
5 0.259912109375 0.5871093749999999 0.05361328125 0.0591796875
1 0.275537109375 0.0494140625 0.22119140625 0.098828125
1 0.1744140625 0.01337890625 0.09296875 0.0267578125
7 0.724609375 0.48779296875 0.3693359375 0.5767578125
1 0.8294921875000001 0.32294921875 0.1048828125 0.180859375
1 0.741015625 0.4021484375 0.1376953125 0.2447265625
4 0.64208984375 0.481494140625 0.069921875 0.19580078125
4 0.700732421875 0.5107421875 0.05478515625 0.12265625
4 0.78662109375 0.48408203125 0.0955078125 0.152734375
4 0.346826171875 0.469921875 0.16591796875 0.1474609375
4 0.7400390625 0.367578125 0.03671875 0.0525390625
4 0.768017578125 0.543310546875 0.07763671875 0.11572265625
4 0.72021484375 0.55390625 0.0431640625 0.0734375
4 0.5976074218749999 0.47734374999999996 0.03447265625 0.17890625
4 0.590625 0.5224609375 0.0220703125 0.0734375
4 0.632177734375 0.55458984375 0.02080078125 0.049609375
0 0.798974609375 0.48276367187499997 0.02802734375 0.04033203125
0 0.82666015625 0.411376953125 0.0302734375 0.04169921875
