7 0.36489257812500003 0.36679687499999997 0.12998046875 0.112109375
7 0.25712890625 0.471533203125 0.23515625 0.21630859375
7 0.4388671875 0.479052734375 0.191796875 0.14013671875
7 0.74453125 0.444580078125 0.151171875 0.15849609375
7 0.901318359375 0.31938476562499996 0.19677734375 0.13935546875
7 0.62548828125 0.3240234375 0.409765625 0.3896484375
7 0.94091796875 0.388671875 0.1173828125 0.2078125
7 0.8949707031249999 0.607373046875 0.20927734375 0.31298828125
7 0.716796875 0.478857421875 0.064453125 0.04443359375
7 0.6833984375 0.542919921875 0.288671875 0.16767578125
7 0.46035156250000003 0.5755859375 0.1421875 0.0837890625
7 0.41953125 0.701318359375 0.284765625 0.24580078125
7 0.749365234375 0.693408203125 0.16201171875 0.15869140625
7 0.65546875 0.81640625 0.2123046875 0.2388671875
7 0.854833984375 0.43125 0.08330078125 0.0966796875
7 0.593603515625 0.605615234375 0.23349609375 0.20087890625
7 0.86552734375 0.8253417968750001 0.2681640625 0.25673828125
7 0.30620117187499996 0.433154296875 0.03837890625 0.06025390625
2 0.23623046875 0.41171875 0.0591796875 0.034765625
7 0.27778320312500004 0.432568359375 0.04365234375 0.02529296875
7 0.19013671875000002 0.4279296875 0.06015625 0.0751953125
7 0.1958984375 0.429443359375 0.1345703125 0.01806640625
7 0.21689453125 0.445166015625 0.0462890625 0.04013671875
