1 0.534912109375 0.519580078125 0.34560546875 0.26689453125
1 0.33486328125 0.6836425781250001 0.2337890625 0.24580078125
1 0.341064453125 0.6951171875000001 0.12861328125 0.0900390625
2 0.36337890624999997 0.657861328125 0.0515625 0.04833984375
2 0.47060546875000003 0.341357421875 0.0357421875 0.02998046875
2 0.43798828125 0.419775390625 0.0453125 0.02353515625
1 0.6634765625 0.54833984375 0.0591796875 0.03671875
7 0.6822753906250001 0.725341796875 0.39951171875 0.38466796875
0 0.7222656249999999 0.6062988281249999 0.0376953125 0.05185546875
0 0.708349609375 0.589208984375 0.02119140625 0.04541015625
1 0.65146484375 0.431494140625 0.092578125 0.06494140625
1 0.637109375 0.386279296875 0.051953125 0.02998046875
1 0.5927246093749999 0.4103515625 0.08232421875 0.1083984375
7 0.6426757812499999 0.45253906250000003 0.1021484375 0.0265625
5 0.553271484375 0.406494140625 0.04697265625 0.09228515625
