7 0.520947265625 0.429052734375 0.74130859375 0.79990234375
0 0.24912109375 0.573583984375 0.1580078125 0.14248046875
0 0.346875 0.61591796875 0.137109375 0.146484375
0 0.232421875 0.597412109375 0.15078125 0.23779296875
0 0.44770507812500004 0.328662109375 0.13544921875 0.15869140625
0 0.3427734375 0.3958984375 0.21328125 0.2513671875
0 0.521044921875 0.298291015625 0.08330078125 0.11376953125
0 0.568994140625 0.40166015624999996 0.18505859375 0.194140625
0 0.659228515625 0.40927734375 0.27333984375 0.4064453125
7 0.67880859375 0.47602539062500004 0.25 0.41572265625
0 0.8145507812499999 0.36909179687500004 0.1177734375 0.29697265625
0 0.6893554687500001 0.450830078125 0.230859375 0.48837890625
