7 0.0712890625 0.061669921875 0.0587890625 0.12333984375
5 0.3779296875 0.114453125 0.0193359375 0.114453125
1 0.358056640625 0.440966796875 0.07021484375 0.05126953125
7 0.220703125 0.24501953125 0.319921875 0.4900390625
7 0.0251953125 0.05869140625 0.050390625 0.1173828125
7 0.081591796875 0.39199218750000003 0.16318359375 0.6154296875
6 0.47001953124999996 0.22373046875 0.200390625 0.3587890625
0 0.588623046875 0.5982421875 0.40302734375 0.6474609375
1 0.2154296875 0.669287109375 0.3896484375 0.52509765625
5 0.65673828125 0.85498046875 0.1037109375 0.12734375
5 0.7408203125 0.79462890625 0.0853515625 0.0568359375
5 0.82060546875 0.904296875 0.2021484375 0.1908203125
