7 0.574609375 0.6939453125 0.0591796875 0.0615234375
7 0.5411621093750001 0.722802734375 0.05654296875 0.07861328125
7 0.5873535156249999 0.777587890625 0.12236328125 0.18076171875
7 0.52734375 0.5445312499999999 0.0896484375 0.081640625
7 0.6297851562500001 0.455517578125 0.1107421875 0.10244140625
6 0.7166015625 0.449658203125 0.058203125 0.03525390625
7 0.7931152343750001 0.527392578125 0.20205078125 0.17783203125
5 0.770849609375 0.44819335937500004 0.08466796875 0.04267578125
5 0.825927734375 0.4330078125 0.04931640625 0.02578125
7 0.742431640625 0.30283203125 0.23876953125 0.2693359375
7 0.947119140625 0.6162597656250001 0.10517578125 0.10908203125
7 0.83466796875 0.7332519531249999 0.2552734375 0.29091796875
7 0.680224609375 0.578271484375 0.33134765625 0.26513671875
7 0.659033203125 0.45703125 0.06220703125 0.050390625
7 0.6927734375 0.487841796875 0.05625 0.03173828125
7 0.73447265625 0.8209472656250001 0.3359375 0.24404296875
7 0.21298828125 0.64560546875 0.1798828125 0.231640625
5 0.26796875 0.5526855468749999 0.0439453125 0.03349609375
7 0.369580078125 0.664453125 0.29462890625 0.310546875
7 0.43681640625 0.8625976562500001 0.2275390625 0.2287109375
7 0.44975585937499996 0.690380859375 0.20439453125 0.19912109375
1 0.569482421875 0.22255859374999998 0.22822265625 0.2775390625
