7 0.148583984375 0.4083984375 0.04462890625 0.191796875
7 0.47866210937500003 0.375537109375 0.00947265625 0.09560546875
7 0.31728515625 0.838818359375 0.2427734375 0.32177734375
7 0.43583984375 0.32856445312500004 0.0865234375 0.20732421875
7 0.502978515625 0.18720703125 0.11552734375 0.125
7 0.7615722656249999 0.333984375 0.27060546875 0.4060546875
7 0.504248046875 0.79912109375 0.20087890625 0.401171875
7 0.5763671875 0.4708984375 0.1984375 0.27578125
1 0.6595703125 0.083984375 0.1515625 0.16796875
1 0.704736328125 0.057666015625 0.02607421875 0.04794921875
1 0.6841796874999999 0.03505859375 0.054296875 0.0701171875
6 0.644970703125 0.02841796875 0.04443359375 0.0568359375
1 0.5947265625 0.059912109375 0.0248046875 0.07412109375
7 0.58642578125 0.224658203125 0.2353515625 0.28935546875
7 0.369580078125 0.417822265625 0.22568359375 0.44873046875
7 0.498876953125 0.16074218750000002 0.07568359375 0.0376953125
7 0.276416015625 0.51572265625 0.22841796875 0.5142578125
