7 0.258544921875 0.627978515625 0.41396484375 0.12041015625
1 0.276171875 0.58466796875 0.44765625 0.2400390625
1 0.04873046875 0.452734375 0.0974609375 0.0734375
1 0.25332031250000003 0.43618164062500003 0.4263671875 0.08994140625
1 0.24267578125 0.39814453125 0.2765625 0.1322265625
1 0.25439453125 0.390380859375 0.2140625 0.02548828125
6 0.733544921875 0.592919921875 0.44169921875 0.19111328125
6 0.714306640625 0.40341796874999997 0.46630859375 0.2533203125
1 0.30078125 0.37138671875 0.4318359375 0.0595703125
1 0.2490234375 0.3328125 0.2529296875 0.0658203125
1 0.265283203125 0.35312499999999997 0.07216796875 0.027734375
7 0.73662109375 0.5505859375 0.435546875 0.05625
7 0.71533203125 0.5236328125 0.449609375 0.060546875
