0 0.602880859375 0.499853515625 0.79365234375 0.99970703125
5 0.618701171875 0.572119140625 0.41494140625 0.72158203125
5 0.18681640625 0.763671875 0.373046875 0.471875
5 0.14482421875 0.63759765625 0.2896484375 0.489453125
5 0.554443359375 0.598681640625 0.69619140625 0.64248046875
5 0.530126953125 0.543505859375 0.45712890625 0.60810546875
5 0.4908203125 0.9376953125 0.5431640625 0.1240234375
5 0.875341796875 0.86552734375 0.24873046875 0.2681640625
5 0.960986328125 0.76904296875 0.07763671875 0.461328125
2 0.151953125 0.9646484375 0.1515625 0.0701171875
5 0.061376953125 0.384228515625 0.12275390625 0.10380859375
5 0.162060546875 0.185693359375 0.32412109375 0.37138671875
