3 0.65537109375 0.386669921875 0.0310546875 0.03173828125
3 0.6438964843749999 0.32548828124999996 0.06748046875 0.0974609375
3 0.70390625 0.5376953125 0.0162109375 0.0486328125
5 0.493896484375 0.549072265625 0.03740234375 0.02626953125
3 0.49267578125 0.53076171875 0.0396484375 0.0515625
3 0.44755859375 0.420654296875 0.021484375 0.07939453125
3 0.50390625 0.29042968750000003 0.19375 0.0689453125
3 0.697314453125 0.43935546875 0.06650390625 0.164453125
3 0.47900390625 0.46728515625 0.051953125 0.0837890625
3 0.47519531249999997 0.426806640625 0.0515625 0.06298828125
3 0.527294921875 0.341455078125 0.20732421875 0.11455078125
3 0.7134765625 0.37255859375 0.0916015625 0.1130859375
3 0.497900390625 0.230126953125 0.20537109375 0.11357421875
3 0.759375 0.346875 0.1689453125 0.0791015625
3 0.751025390625 0.260888671875 0.24072265625 0.13291015625
5 0.37949218749999997 0.37578124999999996 0.12734375 0.1736328125
1 0.297509765625 0.53505859375 0.17099609375 0.3494140625
3 0.41767578125 0.517138671875 0.1283203125 0.12646484375
4 0.796826171875 0.42939453125000004 0.14716796875 0.127734375
4 0.788623046875 0.58603515625 0.16728515625 0.3154296875
7 0.59931640625 0.5146484375 0.2099609375 0.43203125
1 0.161376953125 0.544140625 0.22548828125 0.3537109375
3 0.47084960937500003 0.7240722656249999 0.17587890625 0.08505859375
3 0.464306640625 0.6829101562500001 0.18251953125 0.1029296875
3 0.45634765625 0.6278808593749999 0.19375 0.14560546875
4 0.665185546875 0.6927246093749999 0.16630859375 0.27333984375
