4 0.649951171875 0.32612304687500004 0.08232421875 0.04169921875
1 0.614208984375 0.668310546875 0.61337890625 0.18525390625
0 0.465478515625 0.6019531250000001 0.28603515625 0.055078125
1 0.49077148437499996 0.6341796875 0.18916015625 0.1140625
0 0.272314453125 0.606982421875 0.05849609375 0.04931640625
7 0.347412109375 0.575927734375 0.10478515625 0.03623046875
0 0.342626953125 0.49345703125 0.14619140625 0.1376953125
0 0.4236328125 0.5787109375 0.0595703125 0.03046875
0 0.047265625 0.752099609375 0.09453125 0.08701171875
5 0.62451171875 0.508154296875 0.2748046875 0.17509765625
0 0.36357421875 0.57685546875 0.2529296875 0.2326171875
0 0.9186035156250001 0.504248046875 0.16201171875 0.10322265625
0 0.8158691406249999 0.351171875 0.10849609375 0.273828125
5 0.90537109375 0.45112304687500004 0.1884765625 0.13935546875
0 0.786865234375 0.463916015625 0.10751953125 0.04091796875
1 0.758544921875 0.55107421875 0.39677734375 0.2048828125
5 0.6774414062499999 0.37705078125 0.2986328125 0.1802734375
7 0.722998046875 0.514404296875 0.21259765625 0.09130859375
