7 0.7244140625 0.079736328125 0.5505859375 0.15947265625
0 0.1853515625 0.35205078125 0.370703125 0.7041015625
7 0.03388671875 0.844091796875 0.0677734375 0.31123046875
5 0.428271484375 0.672509765625 0.82080078125 0.57666015625
1 0.159228515625 0.869873046875 0.31845703125 0.25966796875
9 0.849072265625 0.338037109375 0.30126953125 0.19345703125
3 0.137548828125 0.073779296875 0.04501953125 0.14755859375
0 0.5224609375 0.3931640625 0.8697265625 0.56171875
1 0.945947265625 0.775634765625 0.10751953125 0.17041015625
0 0.838916015625 0.585595703125 0.32138671875 0.21376953125
1 0.848876953125 0.8321289062499999 0.13759765625 0.06796875
