7 0.551123046875 0.16533203125 0.27880859375 0.3306640625
7 0.322314453125 0.498876953125 0.34599609375 0.51357421875
4 0.26787109375 0.4482421875 0.0908203125 0.1087890625
5 0.185986328125 0.3953125 0.08974609375 0.2060546875
5 0.3220703125 0.386572265625 0.1341796875 0.19775390625
7 0.77431640625 0.58896484375 0.34375 0.6865234375
7 0.566455078125 0.450537109375 0.23564453125 0.67431640625
7 0.771875 0.26044921875 0.07890625 0.163671875
7 0.8755859374999999 0.32421875 0.11484375 0.2662109375
7 0.970654296875 0.347412109375 0.05830078125 0.41435546875
