1 0.245361328125 0.543798828125 0.21845703125 0.05322265625
7 0.461376953125 0.7923828125 0.03740234375 0.0681640625
1 0.30317382812500004 0.38457031249999996 0.34697265625 0.2208984375
1 0.41621093750000004 0.507080078125 0.17265625 0.28935546875
5 0.240478515625 0.614208984375 0.10888671875 0.08564453125
7 0.933251953125 0.6795410156249999 0.13291015625 0.55361328125
1 0.543798828125 0.76552734375 0.13818359375 0.0958984375
1 0.43950195312499996 0.694287109375 0.26982421875 0.31708984375
1 0.40087890625 0.5972167968750001 0.0671875 0.10048828125
7 0.744921875 0.60009765625 0.0671875 0.09296875
7 0.8478515624999999 0.617529296875 0.2205078125 0.29794921875
1 0.76103515625 0.890380859375 0.109375 0.15576171875
7 0.7936523437499999 0.747705078125 0.2048828125 0.23349609375
1 0.65107421875 0.8017578125 0.1166015625 0.11875
1 0.3177734375 0.5156738281250001 0.3171875 0.05849609375
5 0.554443359375 0.64453125 0.27353515625 0.183203125
1 0.35625 0.72001953125 0.22890625 0.3025390625
1 0.31362304687500003 0.714599609375 0.05927734375 0.12041015625
5 0.33925781250000003 0.6376953125 0.0982421875 0.0744140625
1 0.645849609375 0.455517578125 0.34326171875 0.30458984375
6 0.543603515625 0.63564453125 0.18251953125 0.1177734375
5 0.357373046875 0.711279296875 0.09130859375 0.09658203125
1 0.45615234375 0.569091796875 0.0421875 0.04560546875
6 0.5455078125 0.559228515625 0.1470703125 0.12568359375
5 0.5646484374999999 0.59970703125 0.0642578125 0.0525390625
2 0.49814453124999997 0.6067871093749999 0.07265625 0.05087890625
2 0.49609375 0.597705078125 0.0681640625 0.04794921875
0 0.493505859375 0.589306640625 0.07138671875 0.05224609375
0 0.491552734375 0.57587890625 0.07041015625 0.0638671875
1 0.648583984375 0.6182128906250001 0.03369140625 0.06708984375
