6 0.873388671875 0.572802734375 0.25263671875 0.18876953125
7 0.12373046874999999 0.43974609374999996 0.1349609375 0.1140625
1 0.464453125 0.521630859375 0.051953125 0.03740234375
7 0.92763671875 0.39921875 0.131640625 0.0845703125
5 0.98662109375 0.42695312500000004 0.026171875 0.0607421875
5 0.92861328125 0.48237304687500004 0.1421875 0.17060546875
5 0.856689453125 0.4966796875 0.23779296875 0.232421875
7 0.232470703125 0.538330078125 0.33994140625 0.26416015625
7 0.620654296875 0.575439453125 0.31279296875 0.30556640625
5 0.62578125 0.430810546875 0.1001953125 0.13837890625
5 0.581494140625 0.43193359375 0.11279296875 0.122265625
0 0.616552734375 0.49658203125 0.10419921875 0.074609375
5 0.194091796875 0.46577148437500004 0.08330078125 0.07197265625
5 0.254150390625 0.5140625 0.14052734375 0.0890625
5 0.1412109375 0.500537109375 0.0634765625 0.01787109375
7 0.265576171875 0.552880859375 0.11044921875 0.06865234375
