4 0.557958984375 0.41274414062500003 0.15654296875 0.21298828125
4 0.364111328125 0.73974609375 0.34775390625 0.2189453125
4 0.4546875 0.8865234375 0.63515625 0.226171875
4 0.851904296875 0.6216796875 0.29560546875 0.2142578125
4 0.892431640625 0.42592773437500003 0.09892578125 0.19638671875
4 0.7193359375 0.9549804687500001 0.0994140625 0.0892578125
4 0.59287109375 0.65107421875 0.7388671875 0.6970703125
4 0.913916015625 0.59013671875 0.17158203125 0.5611328125
4 0.754443359375 0.45751953125 0.49052734375 0.9150390625
4 0.8962890625 0.38076171875 0.2068359375 0.478515625
