4 0.84404296875 0.5416015625 0.143359375 0.1236328125
4 0.6935546874999999 0.31640625 0.158984375 0.5654296875
5 0.548486328125 0.65390625 0.09501953125 0.596875
4 0.278173828125 0.3576171875 0.15400390625 0.5677734375
2 0.901708984375 0.7984863281250001 0.16396484375 0.40244140625
2 0.7768066406249999 0.79814453125 0.14580078125 0.403125
3 0.6412109375 0.7779785156250001 0.1296875 0.44345703125
5 0.38125000000000003 0.42329101562500004 0.0357421875 0.06611328125
5 0.1517578125 0.663330078125 0.15625 0.66865234375
4 0.29443359375 0.6847167968750001 0.1369140625 0.62998046875
4 0.4306640625 0.66728515625 0.153515625 0.6646484375
