7 0.33701171875 0.749365234375 0.3015625 0.33330078125
7 0.220458984375 0.63212890625 0.29365234375 0.3859375
4 0.062158203125 0.6777832031250001 0.06376953125 0.16767578125
4 0.081005859375 0.74453125 0.07412109375 0.221875
7 0.12314453125 0.509716796875 0.0255859375 0.04658203125
7 0.14736328124999998 0.870361328125 0.16171875 0.24736328125
7 0.802490234375 0.4318359375 0.18974609375 0.36640625
7 0.612451171875 0.472216796875 0.23291015625 0.49736328125
0 0.736181640625 0.29179687499999996 0.00947265625 0.03203125
5 0.7494140625 0.34194335937500003 0.0984375 0.10322265625
7 0.805908203125 0.387548828125 0.05576171875 0.06220703125
