5 0.419677734375 0.284912109375 0.43251953125 0.31513671875
5 0.302099609375 0.48447265625 0.09873046875 0.157421875
5 0.603515625 0.2970703125 0.09296875 0.0505859375
5 0.45146484375 0.37568359375 0.2666015625 0.291015625
5 0.468505859375 0.455029296875 0.24111328125 0.34189453125
5 0.712548828125 0.321240234375 0.14033203125 0.10947265625
5 0.3068359375 0.647265625 0.180078125 0.2529296875
7 0.54921875 0.463916015625 0.330078125 0.36240234375
5 0.843408203125 0.41372070312500003 0.20068359375 0.14951171875
6 0.83447265625 0.6739257812499999 0.241796875 0.3763671875
5 0.7299316406249999 0.4763671875 0.36455078125 0.23046875
5 0.623193359375 0.901416015625 0.22001953125 0.19638671875
7 0.315380859375 0.66572265625 0.14658203125 0.041015625
7 0.6317382812500001 0.70087890625 0.5421875 0.5611328125
0 0.28793945312499997 0.587451171875 0.04814453125 0.13330078125
5 0.600537109375 0.70537109375 0.46103515625 0.5443359375
