7 0.431201171875 0.30439453125 0.11435546875 0.1359375
7 0.141943359375 0.383447265625 0.17783203125 0.34091796875
7 0.292138671875 0.38623046875 0.15478515625 0.340625
7 0.156640625 0.511083984375 0.169921875 0.43291015625
7 0.34614257812500004 0.5400390625 0.25126953125 0.4041015625
1 0.657763671875 0.570751953125 0.49501953125 0.72353515625
1 0.652978515625 0.5095703125 0.45732421875 0.5138671875
1 0.8140136718750001 0.36372070312500004 0.04267578125 0.16865234375
1 0.786181640625 0.416357421875 0.03525390625 0.09189453125
1 0.83779296875 0.46904296874999996 0.0689453125 0.1345703125
1 0.526953125 0.470849609375 0.1158203125 0.14677734375
1 0.663525390625 0.37529296874999996 0.26708984375 0.2962890625
1 0.729248046875 0.5818359375 0.29736328125 0.3025390625
