3 0.5801269531250001 0.265185546875 0.04462890625 0.05888671875
1 0.528564453125 0.277978515625 0.12353515625 0.19150390625
1 0.410791015625 0.54296875 0.14208984375 0.1884765625
7 0.6580078125 0.24589843749999998 0.1453125 0.1974609375
7 0.235009765625 0.069775390625 0.26806640625 0.13955078125
7 0.242724609375 0.35830078125 0.45263671875 0.530078125
7 0.6875 0.12431640625 0.143359375 0.2486328125
1 0.268896484375 0.64072265625 0.12900390625 0.137890625
1 0.734765625 0.4806640625 0.513671875 0.5810546875
4 0.758837890625 0.41865234375 0.18876953125 0.1646484375
4 0.737158203125 0.376953125 0.11064453125 0.1283203125
4 0.78125 0.4376953125 0.191015625 0.1517578125
1 0.147509765625 0.20058593749999998 0.06279296875 0.0697265625
