6 0.8951171875 0.2142578125 0.049609375 0.0529296875
1 0.92216796875 0.267529296875 0.1552734375 0.10380859375
7 0.964013671875 0.292626953125 0.07138671875 0.13291015625
7 0.87587890625 0.304052734375 0.111328125 0.19150390625
7 0.9326171875 0.58681640625 0.1341796875 0.4837890625
0 0.7920898437499999 0.494775390625 0.1763671875 0.54501953125
5 0.57158203125 0.6762207031249999 0.2453125 0.17197265625
5 0.572265625 0.643017578125 0.2546875 0.14716796875
5 0.575537109375 0.6166015625 0.26318359375 0.151171875
5 0.576025390625 0.5908203125 0.27509765625 0.151171875
5 0.545654296875 0.55654296875 0.35615234375 0.166015625
5 0.54951171875 0.5443359375 0.361328125 0.1693359375
7 0.291552734375 0.671337890625 0.36337890625 0.48349609375
5 0.551806640625 0.519677734375 0.36708984375 0.18291015625
5 0.55380859375 0.43701171875 0.375 0.319140625
5 0.5368164062499999 0.459130859375 0.05234375 0.05849609375
5 0.587255859375 0.416015625 0.05205078125 0.049609375
5 0.6697265625000001 0.42607421874999996 0.0736328125 0.1359375
5 0.60654296875 0.4603515625 0.0736328125 0.1435546875
1 0.93759765625 0.2736328125 0.04140625 0.047265625
5 0.92705078125 0.2359375 0.033203125 0.0333984375
5 0.9378906250000001 0.2435546875 0.04140625 0.0234375
1 0.26420898437499996 0.580908203125 0.21748046875 0.16572265625
7 0.910546875 0.365576171875 0.0662109375 0.07041015625
5 0.5400390625 0.5010253906250001 0.0890625 0.13955078125
