7 0.213525390625 0.47041015625000004 0.42705078125 0.3484375
0 0.6201171875 0.1984375 0.1392578125 0.29296875
6 0.421484375 0.71533203125 0.6041015625 0.28359375
6 0.477685546875 0.56396484375 0.70244140625 0.468359375
6 0.8214843749999999 0.29189453125 0.1228515625 0.0873046875
6 0.797021484375 0.29697265625 0.13154296875 0.0712890625
6 0.776806640625 0.31850585937500003 0.14326171875 0.09638671875
6 0.741796875 0.38198242187500003 0.1482421875 0.16416015625
6 0.69052734375 0.40737304687500003 0.1515625 0.16513671875
6 0.60458984375 0.438623046875 0.2392578125 0.16943359375
7 0.06845703125 0.79306640625 0.1369140625 0.1232421875
