1 0.11767578125 0.5994140625000001 0.16796875 0.0560546875
1 0.11142578125 0.514501953125 0.2228515625 0.17041015625
1 0.0517578125 0.442822265625 0.0658203125 0.02158203125
1 0.038525390625 0.451513671875 0.03603515625 0.02158203125
1 0.11625976562500001 0.451416015625 0.08759765625 0.04267578125
1 0.13627929687499998 0.48701171875 0.02119140625 0.0384765625
7 0.303271484375 0.55390625 0.29033203125 0.247265625
1 0.189794921875 0.410498046875 0.37958984375 0.13544921875
7 0.801318359375 0.428125 0.12900390625 0.0615234375
7 0.89453125 0.535595703125 0.1607421875 0.18427734375
7 0.7099609375 0.533203125 0.2208984375 0.2177734375
7 0.589599609375 0.587158203125 0.36240234375 0.24775390625
