1 0.598779296875 0.904296875 0.61083984375 0.1908203125
1 0.362353515625 0.534423828125 0.21923828125 0.12236328125
1 0.307373046875 0.6248046875 0.06865234375 0.0611328125
1 0.303857421875 0.685400390625 0.05107421875 0.07177734375
1 0.41767578125000004 0.65693359375 0.2068359375 0.2080078125
1 0.411865234375 0.734619140625 0.18232421875 0.12861328125
1 0.540673828125 0.85546875 0.46279296875 0.1216796875
1 0.55546875 0.823583984375 0.41640625 0.13330078125
1 0.6585449218749999 0.7437011718750001 0.32412109375 0.22353515625
1 0.6395019531249999 0.55517578125 0.29091796875 0.2208984375
1 0.875341796875 0.8025390625 0.24873046875 0.27578125
1 0.9353515625 0.720947265625 0.1287109375 0.09658203125
