7 0.50810546875 0.379345703125 0.3296875 0.14658203125
7 0.67841796875 0.89208984375 0.3197265625 0.18203125
7 0.765869140625 0.855126953125 0.10517578125 0.10068359375
7 0.602490234375 0.856591796875 0.38818359375 0.21259765625
5 0.623193359375 0.6341796875 0.58427734375 0.4513671875
5 0.6529296875 0.512060546875 0.2833984375 0.08759765625
5 0.466796875 0.49458007812500004 0.1345703125 0.19697265625
5 0.635595703125 0.61572265625 0.39482421875 0.1193359375
5 0.619580078125 0.78544921875 0.29794921875 0.1462890625
5 0.627587890625 0.6997558593750001 0.44111328125 0.16787109375
5 0.893505859375 0.920556640625 0.17861328125 0.15849609375
7 0.953564453125 0.8900390625 0.09228515625 0.21953125
