1 0.47011718750000003 0.638232421875 0.8892578125 0.53447265625
1 0.584423828125 0.668310546875 0.04658203125 0.03154296875
1 0.6099121093750001 0.7020996093749999 0.06708984375 0.07939453125
1 0.26259765625 0.6398437499999999 0.041015625 0.0212890625
1 0.524658203125 0.7096679687499999 0.13525390625 0.0642578125
1 0.539208984375 0.6904785156250001 0.15048828125 0.07490234375
1 0.37250976562500004 0.67197265625 0.20869140625 0.0662109375
1 0.594189453125 0.54541015625 0.64677734375 0.237109375
1 0.57138671875 0.318115234375 0.6904296875 0.42685546875
1 0.089794921875 0.7538085937500001 0.17958984375 0.491796875
1 0.37685546875 0.442578125 0.0400390625 0.0478515625
1 0.5107421875 0.303173828125 0.413671875 0.32021484375
1 0.63955078125 0.560302734375 0.506640625 0.20439453125
1 0.625 0.477734375 0.3736328125 0.086328125
0 0.13906249999999998 0.925244140625 0.176953125 0.13662109375
