7 0.76884765625 0.4677734375 0.1423828125 0.24375
7 0.716650390625 0.316796875 0.05634765625 0.144140625
1 0.458544921875 0.5841796875 0.51435546875 0.7748046875
6 0.540185546875 0.320166015625 0.24111328125 0.21630859375
6 0.4888671875 0.322412109375 0.3208984375 0.21630859375
6 0.41298828125 0.27714843749999996 0.4181640625 0.2619140625
6 0.423291015625 0.225830078125 0.41943359375 0.29033203125
6 0.41259765625 0.147021484375 0.258203125 0.18681640625
6 0.432763671875 0.18779296875 0.26591796875 0.2037109375
7 0.97919921875 0.7742675781249999 0.0412109375 0.30654296875
