0 0.14711914062499998 0.5542480468750001 0.06943359375 0.05068359375
1 0.365576171875 0.471630859375 0.35654296875 0.44677734375
1 0.282275390625 0.632177734375 0.14736328125 0.20947265625
0 0.4302734375 0.37070312499999997 0.1734375 0.0619140625
0 0.2240234375 0.46225585937499997 0.026953125 0.26357421875
0 0.39248046875000003 0.6056640624999999 0.08359375 0.0474609375
6 0.75986328125 0.356884765625 0.443359375 0.27978515625
0 0.87431640625 0.290673828125 0.1267578125 0.06630859375
0 0.62216796875 0.34111328125 0.08984375 0.23671875
0 0.7645019531249999 0.30380859375 0.43447265625 0.1123046875
0 0.76552734375 0.317138671875 0.0171875 0.05849609375
0 0.8291503906250001 0.416259765625 0.11611328125 0.15888671875
