1 0.43310546875 0.78798828125 0.4486328125 0.3048828125
0 0.591748046875 0.82919921875 0.04365234375 0.0744140625
1 0.414111328125 0.51220703125 0.48935546875 0.5859375
1 0.407470703125 0.31132812499999996 0.36552734375 0.3138671875
1 0.45224609375 0.976708984375 0.61484375 0.04599609375
0 0.113671875 0.280224609375 0.1306640625 0.07041015625
0 0.597802734375 0.975830078125 0.32861328125 0.03369140625
0 0.588916015625 0.979345703125 0.04541015625 0.04072265625
1 0.5123046875 0.8426269531249999 0.050390625 0.06943359375
1 0.50859375 0.80673828125 0.0439453125 0.0234375
