0 0.344970703125 0.144873046875 0.12998046875 0.04501953125
1 0.7082031249999999 0.775830078125 0.20859375 0.10712890625
1 0.716748046875 0.601953125 0.21826171875 0.4189453125
1 0.7263671875 0.543359375 0.2001953125 0.4861328125
1 0.7586914062500001 0.534228515625 0.2583984375 0.49306640625
1 0.422509765625 0.566162109375 0.38173828125 0.27177734375
1 0.305908203125 0.48642578124999997 0.37373046875 0.09453125
1 0.32861328125 0.32734375 0.4171875 0.3578125
7 0.328955078125 0.31826171875 0.41787109375 0.37734375
1 0.30815429687499996 0.304052734375 0.32021484375 0.27744140625
