0 0.499853515625 0.499853515625 0.99970703125 0.99970703125
7 0.533544921875 0.851708984375 0.30986328125 0.25048828125
5 0.870556640625 0.679443359375 0.25830078125 0.28154296875
5 0.9388183593749999 0.633056640625 0.08994140625 0.11337890625
0 0.715478515625 0.647216796875 0.10087890625 0.09404296875
0 0.8449218749999999 0.6533691406250001 0.1970703125 0.15107421875
5 0.62802734375 0.72041015625 0.58203125 0.4779296875
5 0.65576171875 0.28959960937499996 0.2189453125 0.21259765625
5 0.678271484375 0.4927734375 0.26455078125 0.2619140625
5 0.5947265625 0.466064453125 0.2833984375 0.15029296875
5 0.873876953125 0.45058593750000003 0.25166015625 0.2271484375
7 0.969677734375 0.439208984375 0.04658203125 0.07587890625
7 0.83154296875 0.47309570312500004 0.1431640625 0.19072265625
5 0.116064453125 0.646484375 0.17724609375 0.133203125
5 0.332861328125 0.682177734375 0.32841796875 0.23837890625
5 0.39067382812499996 0.17646484375 0.24833984375 0.0900390625
5 0.358349609375 0.40581054687499996 0.63662109375 0.47822265625
5 0.30205078125 0.218359375 0.0400390625 0.01015625
5 0.160888671875 0.26030273437499996 0.25830078125 0.18232421875
5 0.33232421875 0.3818359375 0.566796875 0.38515625
0 0.198583984375 0.572314453125 0.31513671875 0.14462890625
0 0.047656250000000004 0.39418945312500003 0.06484375 0.05380859375
5 0.10947265625 0.46748046875 0.2189453125 0.1140625
5 0.13310546875 0.416845703125 0.202734375 0.11884765625
5 0.2859375 0.33344726562500004 0.26953125 0.22197265625
