0 0.6413085937499999 0.662109375 0.06328125 0.067578125
7 0.479296875 0.25107421875 0.26015625 0.23125
7 0.552685546875 0.57080078125 0.29267578125 0.2548828125
7 0.5442871093749999 0.77021484375 0.29873046875 0.2248046875
7 0.574560546875 0.47519531249999997 0.08330078125 0.078515625
1 0.52744140625 0.506298828125 0.0818359375 0.04169921875
7 0.4638671875 0.48935546875 0.054296875 0.024609375
7 0.5947265625 0.533984375 0.0619140625 0.05625
0 0.5964843750000001 0.59091796875 0.0853515625 0.0716796875
1 0.5597656249999999 0.78564453125 0.045703125 0.0408203125
5 0.511279296875 0.7333007812500001 0.08232421875 0.053125
