7 0.42446289062500003 0.368896484375 0.23837890625 0.22841796875
7 0.6927734375 0.265380859375 0.38359375 0.41767578125
7 0.7384765625 0.52314453125 0.3029296875 0.1728515625
7 0.394482421875 0.68115234375 0.57080078125 0.3806640625
7 0.32246093750000004 0.44482421875 0.34921875 0.2884765625
7 0.600732421875 0.43632812499999996 0.36279296875 0.2234375
6 0.549072265625 0.28349609375 0.05126953125 0.1021484375
6 0.5624511718749999 0.198193359375 0.10380859375 0.25244140625
6 0.6076171874999999 0.20263671875 0.1306640625 0.2748046875
6 0.6693359375000001 0.24501953125 0.1322265625 0.2693359375
6 0.73193359375 0.34892578125 0.155078125 0.21328125
6 0.772509765625 0.273193359375 0.10380859375 0.15849609375
