7 0.020849609375 0.264111328125 0.04169921875 0.07783203125
5 0.15664062499999998 0.1330078125 0.1564453125 0.0662109375
2 0.166015625 0.218505859375 0.1474609375 0.13642578125
2 0.586767578125 0.39345703125000003 0.18486328125 0.1158203125
5 0.562890625 0.601123046875 0.3439453125 0.34404296875
0 0.6099609375 0.51611328125 0.17890625 0.3328125
1 0.548974609375 0.686474609375 0.24208984375 0.12744140625
0 0.15610351562500002 0.5048339843749999 0.17861328125 0.14560546875
5 0.89619140625 0.5978515625 0.20703125 0.330078125
0 0.9490234375 0.529248046875 0.101171875 0.26142578125
1 0.89736328125 0.6553222656250001 0.2046875 0.16572265625
