7 0.708154296875 0.31113281249999997 0.10986328125 0.07265625
5 0.8757812500000001 0.4005859375 0.098828125 0.0609375
5 0.801513671875 0.394580078125 0.07275390625 0.05576171875
5 0.80654296875 0.35107421875 0.0673828125 0.03671875
5 0.716064453125 0.36796875 0.13564453125 0.058203125
1 0.9814453125 0.67958984375 0.036328125 0.0576171875
1 0.953369140625 0.4751953125 0.09228515625 0.058203125
7 0.86337890625 0.485107421875 0.143359375 0.06279296875
7 0.829443359375 0.531298828125 0.20380859375 0.11826171875
7 0.7737304687500001 0.528466796875 0.1029296875 0.07783203125
7 0.541845703125 0.52470703125 0.51025390625 0.380859375
7 0.047998046875 0.16171875000000002 0.09599609375 0.2505859375
