2 0.795654296875 0.7598632812499999 0.06318359375 0.093359375
1 0.399951171875 0.36533203125 0.10224609375 0.016796875
0 0.2595703125 0.496630859375 0.4134765625 0.26259765625
1 0.4498046875 0.970458984375 0.096875 0.05849609375
5 0.7290527343750001 0.7382324218749999 0.06904296875 0.04033203125
0 0.280517578125 0.5421875 0.35654296875 0.406640625
1 0.47333984375 0.7149414062499999 0.45546875 0.492578125
7 0.350146484375 0.67490234375 0.15576171875 0.221875
5 0.549658203125 0.75146484375 0.13466796875 0.093359375
5 0.464892578125 0.726708984375 0.26650390625 0.12529296875
7 0.838623046875 0.430419921875 0.32216796875 0.38271484375
1 0.65078125 0.527001953125 0.4212890625 0.45830078125
7 0.92275390625 0.694580078125 0.1541015625 0.37373046875
7 0.88466796875 0.85791015625 0.165234375 0.28359375
5 0.77392578125 0.895849609375 0.2189453125 0.20771484375
5 0.515771484375 0.6298828125 0.12255859375 0.1595703125
4 0.418896484375 0.7900390625 0.07802734375 0.0484375
5 0.46523437500000003 0.538427734375 0.023046875 0.16533203125
1 0.453759765625 0.705078125 0.09208984375 0.1970703125
1 0.93681640625 0.920556640625 0.1259765625 0.15830078125
