1 0.2380859375 0.17294921875 0.097265625 0.1212890625
7 0.378662109375 0.289453125 0.27978515625 0.2564453125
7 0.42495117187500003 0.5038574218749999 0.13095703125 0.21201171875
1 0.176025390625 0.564453125 0.16298828125 0.0541015625
1 0.19560546875 0.6488281250000001 0.1841796875 0.121484375
1 0.059814453125 0.107666015625 0.11904296875 0.01591796875
1 0.11025390625 0.1767578125 0.21328125 0.1341796875
7 0.21591796875 0.399072265625 0.3888671875 0.39677734375
1 0.201416015625 0.3443359375 0.32470703125 0.2060546875
1 0.22548828125 0.492919921875 0.299609375 0.15498046875
0 0.19599609375000002 0.328271484375 0.2642578125 0.18974609375
0 0.16835937499999998 0.603662109375 0.0443359375 0.11162109375
0 0.269970703125 0.14892578125 0.11142578125 0.0681640625
6 0.55673828125 0.39946289062499996 0.1755859375 0.15302734375
0 0.534521484375 0.375927734375 0.03603515625 0.05302734375
0 0.6935546875 0.61865234375 0.6021484375 0.5716796875
5 0.804541015625 0.37749023437499996 0.09130859375 0.05009765625
5 0.68125 0.375341796875 0.049609375 0.05087890625
5 0.887548828125 0.379345703125 0.09853515625 0.03740234375
