7 0.469921875 0.37236328124999996 0.3013671875 0.32734375
1 0.545849609375 0.94365234375 0.18896484375 0.112109375
5 0.67724609375 0.577392578125 0.3013671875 0.13291015625
1 0.404443359375 0.647119140625 0.22001953125 0.19775390625
6 0.4126953125 0.726171875 0.1314453125 0.159375
5 0.563720703125 0.755615234375 0.28916015625 0.28701171875
1 0.136474609375 0.507080078125 0.09775390625 0.12998046875
6 0.10458984375 0.595751953125 0.0826171875 0.15439453125
1 0.219384765625 0.366943359375 0.07763671875 0.12666015625
5 0.46865234375 0.39677734374999996 0.247265625 0.1388671875
5 0.46176757812499997 0.292822265625 0.24599609375 0.11669921875
6 0.28989257812499997 0.09326171875 0.08134765625 0.1865234375
0 0.296142578125 0.23583984375 0.06201171875 0.0767578125
1 0.362060546875 0.211865234375 0.12099609375 0.07509765625
7 0.445068359375 0.1001953125 0.27158203125 0.200390625
6 0.43300781250000003 0.509912109375 0.16171875 0.16005859375
5 0.302392578125 0.626318359375 0.26162109375 0.19970703125
7 0.2119140625 0.476806640625 0.070703125 0.10712890625
5 0.2951171875 0.37314453125 0.1037109375 0.3072265625
1 0.207275390625 0.606201171875 0.22763671875 0.22822265625
1 0.8627441406249999 0.0162109375 0.15849609375 0.032421875
1 0.754736328125 0.93154296875 0.01591796875 0.0390625
