1 0.465283203125 0.69931640625 0.19248046875 0.1544921875
1 0.48544921874999997 0.6912109375 0.2123046875 0.126953125
7 0.46396484375 0.707861328125 0.1931640625 0.13642578125
7 0.47207031250000003 0.698876953125 0.1822265625 0.11357421875
1 0.314794921875 0.521240234375 0.05419921875 0.05478515625
1 0.39497070312500004 0.45341796875 0.25029296875 0.1865234375
1 0.5859375 0.5603515625 0.5291015625 0.4025390625
0 0.731494140625 0.620703125 0.21826171875 0.1654296875
0 0.73544921875 0.622412109375 0.2228515625 0.17041015625
0 0.8736328124999999 0.51845703125 0.0396484375 0.0369140625
