1 0.7888671875 0.803271484375 0.053515625 0.04716796875
1 0.883447265625 0.363671875 0.23251953125 0.162109375
7 0.6200683593749999 0.186083984375 0.05498046875 0.10146484375
5 0.6320312499999999 0.268505859375 0.084765625 0.14951171875
6 0.03173828125 0.256103515625 0.0634765625 0.05810546875
6 0.043115234375 0.285009765625 0.08623046875 0.03779296875
6 0.05751953125 0.30234375 0.1150390625 0.0478515625
6 0.058984375 0.343701171875 0.0986328125 0.06201171875
7 0.1330078125 0.29926757812500004 0.116796875 0.08369140625
5 0.362548828125 0.563330078125 0.05009765625 0.04267578125
6 0.256494140625 0.296826171875 0.17294921875 0.08720703125
6 0.399755859375 0.268505859375 0.15068359375 0.12431640625
6 0.486572265625 0.33076171875 0.08935546875 0.2015625
6 0.45068359375 0.323681640625 0.0666015625 0.09111328125
0 0.275439453125 0.385986328125 0.21318359375 0.40634765625
6 0.38916015625 0.39658203125 0.1873046875 0.2525390625
4 0.6474609375 0.3611328125 0.04453125 0.03359375
7 0.66474609375 0.51787109375 0.1884765625 0.3271484375
5 0.674462890625 0.38227539062500004 0.04169921875 0.04365234375
7 0.45732421874999996 0.48017578125000004 0.1501953125 0.1482421875
