7 0.6074707031250001 0.7317382812500001 0.15810546875 0.13515625
7 0.685498046875 0.3919921875 0.48349609375 0.3935546875
7 0.43549804687500004 0.594287109375 0.54697265625 0.39384765625
7 0.4021484375 0.525390625 0.1421875 0.1029296875
5 0.301416015625 0.7302734375 0.17958984375 0.112890625
1 0.303076171875 0.67197265625 0.10751953125 0.046875
0 0.32158203125 0.6865234375 0.064453125 0.0625
7 0.37802734375 0.66767578125 0.2943359375 0.248046875
0 0.29697265625 0.691845703125 0.0568359375 0.05732421875
1 0.332470703125 0.6641113281250001 0.05322265625 0.02802734375
