7 0.596728515625 0.5638671875000001 0.04794921875 0.07265625
7 0.5383789062500001 0.5499999999999999 0.105859375 0.06328125
7 0.776416015625 0.498876953125 0.15869140625 0.15400390625
7 0.7130859374999999 0.553173828125 0.2251953125 0.25322265625
7 0.49951171875 0.69677734375 0.1359375 0.0642578125
1 0.45419921875 0.64287109375 0.0982421875 0.0689453125
7 0.512841796875 0.6283203125 0.21689453125 0.1203125
9 0.28081054687499996 0.579345703125 0.34658203125 0.16220703125
7 0.345703125 0.735205078125 0.28671875 0.37177734375
5 0.8642578125 0.702880859375 0.0525390625 0.03525390625
