5 0.153759765625 0.154248046875 0.17060546875 0.09130859375
5 0.598046875 0.330322265625 0.280078125 0.16767578125
5 0.550732421875 0.31308593749999997 0.24306640625 0.0330078125
5 0.27705078125 0.47968750000000004 0.1904296875 0.1994140625
5 0.154638671875 0.395751953125 0.11279296875 0.07763671875
5 0.17329101562500002 0.369091796875 0.08134765625 0.02333984375
5 0.38720703125 0.299169921875 0.114453125 0.13662109375
5 0.27841796875 0.2669921875 0.2810546875 0.1580078125
5 0.081689453125 0.24306640625 0.16337890625 0.21875
5 0.338818359375 0.30927734375 0.04990234375 0.0625
5 0.302294921875 0.254833984375 0.05556640625 0.08759765625
5 0.159716796875 0.3310546875 0.09130859375 0.0708984375
5 0.167822265625 0.277685546875 0.03271484375 0.04638671875
5 0.16171875 0.524755859375 0.034375 0.04365234375
5 0.18583984375 0.44482421875 0.144140625 0.1322265625
5 0.272802734375 0.35322265625 0.15478515625 0.242578125
5 0.23642578125 0.477978515625 0.131640625 0.16123046875
5 0.264599609375 0.48964843750000003 0.07939453125 0.06171875
5 0.247998046875 0.284326171875 0.17587890625 0.22392578125
5 0.29599609375 0.5705078124999999 0.1765625 0.0974609375
5 0.6590820312500001 0.566943359375 0.0892578125 0.04912109375
5 0.55634765625 0.490087890625 0.1259765625 0.16669921875
5 0.433349609375 0.4921875 0.13857421875 0.230859375
2 0.528955078125 0.561279296875 0.07509765625 0.02177734375
5 0.566162109375 0.6074707031250001 0.27509765625 0.07216796875
5 0.666455078125 0.46669921875 0.13720703125 0.169921875
5 0.72490234375 0.46821289062500004 0.1435546875 0.14033203125
5 0.536474609375 0.6758789062499999 0.19208984375 0.066015625
