1 0.12568359375 0.7549804687499999 0.07734375 0.1197265625
1 0.39794921875 0.727294921875 0.054296875 0.06708984375
1 0.449658203125 0.553369140625 0.02978515625 0.04462890625
1 0.49477539062500003 0.5439453125 0.07138671875 0.1732421875
1 0.27841796875 0.566162109375 0.346484375 0.32080078125
6 0.28657226562500004 0.45986328125 0.25126953125 0.276171875
6 0.569287109375 0.695263671875 0.17236328125 0.24501953125
7 0.6388671874999999 0.374462890625 0.101171875 0.07900390625
5 0.6587890625 0.485595703125 0.154296875 0.22978515625
2 0.8860351562500001 0.304248046875 0.07265625 0.06611328125
7 0.904296875 0.28671875 0.0421875 0.0568359375
7 0.5658691406249999 0.5658203125 0.09990234375 0.18515625
7 0.8462890625 0.519189453125 0.2244140625 0.38623046875
7 0.7330078125 0.707958984375 0.169921875 0.44111328125
1 0.6947753906249999 0.48974609375 0.05380859375 0.0654296875
0 0.265087890625 0.8609863281250001 0.13740234375 0.27744140625
6 0.505810546875 0.740869140625 0.11083984375 0.07373046875
