1 0.474853515625 0.6119628906250001 0.72490234375 0.61884765625
1 0.75361328125 0.351904296875 0.28046875 0.37353515625
1 0.6415039062500001 0.301123046875 0.394140625 0.42314453125
1 0.202587890625 0.385009765625 0.09560546875 0.11181640625
1 0.518701171875 0.603466796875 0.51884765625 0.35419921875
1 0.575732421875 0.5876953125 0.40869140625 0.2958984375
1 0.55673828125 0.508447265625 0.12265625 0.08037109375
1 0.542626953125 0.52568359375 0.11376953125 0.0642578125
1 0.476708984375 0.540283203125 0.08037109375 0.07666015625
1 0.633935546875 0.47700195312500004 0.35322265625 0.25517578125
1 0.581884765625 0.577001953125 0.23115234375 0.15400390625
1 0.527099609375 0.720263671875 0.08466796875 0.11064453125
2 0.593359375 0.6240722656250001 0.1947265625 0.14736328125
7 0.6892578125 0.587060546875 0.206640625 0.12451171875
1 0.506494140625 0.5951171875000001 0.08701171875 0.1322265625
1 0.490771484375 0.5896484375000001 0.10322265625 0.1361328125
1 0.505810546875 0.62509765625 0.03798828125 0.04140625
1 0.433984375 0.601513671875 0.215234375 0.19716796875
1 0.433203125 0.664697265625 0.20234375 0.15380859375
1 0.316650390625 0.44443359375 0.29794921875 0.20234375
1 0.42744140625 0.41220703124999997 0.038671875 0.1166015625
2 0.32705078125 0.42177734375000003 0.2189453125 0.0865234375
1 0.31650390624999997 0.474853515625 0.0720703125 0.06279296875
1 0.268701171875 0.49106445312499997 0.06181640625 0.05302734375
1 0.275927734375 0.4931640625 0.05654296875 0.046875
1 0.41142578124999996 0.45742187500000003 0.049609375 0.0552734375
1 0.40034179687500004 0.45888671875 0.04267578125 0.04765625
1 0.374365234375 0.468408203125 0.07275390625 0.06279296875
