1 0.45380859375000004 0.7133300781249999 0.102734375 0.08115234375
1 0.452001953125 0.48974609375 0.35009765625 0.383203125
0 0.47817382812500003 0.5529296875 0.01826171875 0.09765625
1 0.461865234375 0.483154296875 0.19736328125 0.24716796875
0 0.456005859375 0.46601562500000004 0.08212890625 0.0900390625
0 0.500732421875 0.403515625 0.04892578125 0.02890625
0 0.525439453125 0.4166015625 0.03759765625 0.03671875
0 0.49423828125 0.571875 0.0294921875 0.0447265625
0 0.5351074218749999 0.565576171875 0.05986328125 0.06162109375
0 0.52724609375 0.599609375 0.0943359375 0.0177734375
