0 0.557763671875 0.16650390625 0.07041015625 0.3330078125
5 0.649658203125 0.256884765625 0.09794921875 0.07138671875
7 0.746826171875 0.49423828124999997 0.31201171875 0.526171875
7 0.50966796875 0.527734375 0.2703125 0.510546875
7 0.44111328125 0.350537109375 0.0845703125 0.05556640625
0 0.35634765625 0.474169921875 0.121484375 0.15869140625
7 0.36293945312500003 0.72822265625 0.20908203125 0.4484375
7 0.221826171875 0.628271484375 0.15849609375 0.36044921875
0 0.10869140625 0.7619140624999999 0.0498046875 0.0291015625
0 0.49404296875 0.1734375 0.0341796875 0.346875
