6 0.36572265625 0.31894531249999997 0.0806640625 0.0837890625
6 0.381005859375 0.22548828125 0.29501953125 0.4171875
6 0.598974609375 0.321435546875 0.12529296875 0.17216796875
5 0.475732421875 0.3384765625 0.35283203125 0.1828125
5 0.042626953125000006 0.0537109375 0.04560546875 0.0771484375
1 0.3609375 0.961962890625 0.1822265625 0.07568359375
1 0.571630859375 0.511376953125 0.13857421875 0.08037109375
0 0.5696289062500001 0.5860839843750001 0.1947265625 0.14736328125
1 0.680029296875 0.36357421874999996 0.14052734375 0.11015625
6 0.853369140625 0.933154296875 0.07705078125 0.06572265625
6 0.579736328125 0.769580078125 0.05888671875 0.06103515625
6 0.51220703125 0.44814453125 0.0443359375 0.033203125
6 0.9916015625 0.463330078125 0.0162109375 0.09873046875
6 0.9339843750000001 0.448046875 0.13125 0.1341796875
6 0.9892089843749999 0.583203125 0.02080078125 0.048828125
6 0.9765625 0.57353515625 0.0390625 0.050390625
6 0.880810546875 0.53642578125 0.23779296875 0.15625
6 0.741259765625 0.47001953125 0.05126953125 0.0892578125
6 0.777978515625 0.317822265625 0.14716796875 0.09501953125
6 0.73984375 0.40034179687500004 0.090234375 0.13642578125
6 0.373388671875 0.12055664062499999 0.11376953125 0.10517578125
6 0.236083984375 0.13505859375 0.11376953125 0.0671875
6 0.34804687500000003 0.2703125 0.09296875 0.0625
6 0.5720703125000001 0.599658203125 0.1078125 0.10068359375
6 0.016357421875 0.188623046875 0.03271484375 0.04833984375
6 0.06401367187500001 0.26220703125 0.07900390625 0.04765625
6 0.623828125 0.47651367187500004 0.2166015625 0.15947265625
1 0.630078125 0.073828125 0.1927734375 0.09453125
