1 0.11689453125 0.556787109375 0.2337890625 0.26884765625
1 0.8235351562500001 0.359619140625 0.223828125 0.10517578125
1 0.945068359375 0.38330078125 0.10908203125 0.105859375
1 0.952734375 0.455712890625 0.0939453125 0.15654296875
1 0.96875 0.401953125 0.0228515625 0.0439453125
1 0.974658203125 0.5451171875 0.04990234375 0.02578125
1 0.97001953125 0.58876953125 0.0505859375 0.0634765625
1 0.9201171875 0.644580078125 0.09296875 0.12255859375
1 0.90146484375 0.63408203125 0.1111328125 0.046875
1 0.8996093749999999 0.596240234375 0.1431640625 0.06845703125
1 0.84345703125 0.545703125 0.219921875 0.0908203125
1 0.880322265625 0.6288574218749999 0.09521484375 0.02060546875
1 0.831640625 0.49833984375 0.200390625 0.0791015625
1 0.8091796875 0.444921875 0.20234375 0.0708984375
1 0.8356445312499999 0.472314453125 0.1607421875 0.01806640625
1 0.7192871093750001 0.497314453125 0.06416015625 0.13740234375
1 0.818310546875 0.37783203125 0.21259765625 0.1296875
1 0.81708984375 0.593359375 0.1044921875 0.0681640625
1 0.54921875 0.6836425781250001 0.4265625 0.31123046875
1 0.6607421874999999 0.784716796875 0.56875 0.39677734375
1 0.970751953125 0.695166015625 0.05791015625 0.25244140625
1 0.987060546875 0.6954101562499999 0.02509765625 0.0376953125
0 0.9446289062500001 0.41435546875 0.0677734375 0.0751953125
1 0.830322265625 0.47685546875 0.13623046875 0.0091796875
