7 0.8589355468750001 0.526953125 0.14248046875 0.1267578125
7 0.794970703125 0.64736328125 0.10849609375 0.1755859375
6 0.51669921875 0.7582031250000001 0.5109375 0.3189453125
6 0.5044921875 0.6712890625 0.396484375 0.1212890625
6 0.5108886718750001 0.607763671875 0.48740234375 0.12822265625
7 0.45185546875 0.24653320312500002 0.4599609375 0.41123046875
7 0.4974609375 0.399072265625 0.172265625 0.09423828125
7 0.5375 0.495654296875 0.5453125 0.29736328125
5 0.639990234375 0.37685546875 0.14912109375 0.0671875
7 0.913232421875 0.6220703125 0.17294921875 0.1994140625
