1 0.51484375 0.736083984375 0.566796875 0.28740234375
7 0.64853515625 0.25517578125 0.35625 0.291015625
1 0.439697265625 0.49213867187500004 0.47373046875 0.40791015625
1 0.61328125 0.520458984375 0.3755859375 0.28837890625
1 0.57802734375 0.655029296875 0.379296875 0.27451171875
0 0.53623046875 0.52783203125 0.1546875 0.2177734375
7 0.39653320312499996 0.61240234375 0.28291015625 0.2369140625
0 0.662548828125 0.4216796875 0.09130859375 0.03046875
0 0.785400390625 0.48759765625 0.06962890625 0.0751953125
0 0.69873046875 0.65390625 0.0419921875 0.0380859375
0 0.6302734375 0.6227539062499999 0.2732421875 0.2095703125
