7 0.09111328125 0.251025390625 0.1822265625 0.14189453125
7 0.084814453125 0.347607421875 0.16962890625 0.20712890625
7 0.0615234375 0.51650390625 0.123046875 0.252734375
7 0.386572265625 0.221435546875 0.19775390625 0.10615234375
7 0.537255859375 0.320556640625 0.39716796875 0.25869140625
0 0.79873046875 0.21796875 0.07109375 0.0341796875
7 0.84453125 0.20859375000000002 0.1064453125 0.0396484375
7 0.799560546875 0.502197265625 0.40009765625 0.58330078125
7 0.25478515625 0.32001953125 0.26484375 0.29140625
7 0.194921875 0.6178222656250001 0.3859375 0.35166015625
7 0.581884765625 0.6193359375 0.62470703125 0.4861328125
