1 0.507958984375 0.098046875 0.06103515625 0.047265625
1 0.8210937500000001 0.057568359375 0.07265625 0.08134765625
1 0.7979003906250001 0.2958984375 0.13544921875 0.1818359375
1 0.7586425781249999 0.2126953125 0.13388671875 0.2017578125
5 0.43916015625 0.3546875 0.234375 0.2337890625
1 0.58017578125 0.240576171875 0.26640625 0.12333984375
6 0.28984375 0.48974609375 0.3583984375 0.44375
6 0.67119140625 0.502294921875 0.4419921875 0.54697265625
1 0.59892578125 0.147314453125 0.4310546875 0.29462890625
0 0.389013671875 0.31845703125 0.05576171875 0.032421875
1 0.611474609375 0.10732421874999999 0.15947265625 0.180859375
1 0.571044921875 0.196728515625 0.06669921875 0.10712890625
0 0.2896484375 0.5373046875 0.34921875 0.2314453125
0 0.3001953125 0.45815429687500003 0.2443359375 0.27548828125
