7 0.593115234375 0.24794921874999998 0.02900390625 0.0482421875
1 0.4912109375 0.89345703125 0.1837890625 0.144140625
7 0.33359375 0.4921875 0.1294921875 0.2390625
7 0.37509765625 0.5901367187500001 0.1212890625 0.2337890625
1 0.365234375 0.387890625 0.039453125 0.049609375
5 0.035107421875 0.45302734375000003 0.07021484375 0.1216796875
7 0.86962890625 0.47255859375 0.26015625 0.3373046875
7 0.7529296875 0.61923828125 0.189453125 0.288671875
1 0.666162109375 0.497705078125 0.06005859375 0.11376953125
7 0.40327148437500004 0.219091796875 0.13447265625 0.17822265625
1 0.54033203125 0.21176757812500002 0.0880859375 0.11337890625
1 0.512109375 0.208447265625 0.0828125 0.10810546875
1 0.5083984375 0.294482421875 0.1552734375 0.13193359375
0 0.519775390625 0.31533203125 0.10048828125 0.0896484375
1 0.539599609375 0.33818359375 0.08857421875 0.0572265625
7 0.598291015625 0.33749999999999997 0.05576171875 0.0486328125
1 0.37275390625000004 0.376513671875 0.044140625 0.02216796875
1 0.396240234375 0.36396484375 0.09150390625 0.028125
1 0.39570312500000004 0.36015625 0.0919921875 0.032421875
1 0.39482421875 0.357763671875 0.0908203125 0.03173828125
1 0.39399414062500004 0.35498046875 0.09150390625 0.030078125
1 0.39350585937500004 0.348388671875 0.09150390625 0.02744140625
1 0.39252929687500004 0.340625 0.09052734375 0.027734375
1 0.391552734375 0.336669921875 0.08974609375 0.02314453125
1 0.390625 0.327392578125 0.0892578125 0.01982421875
1 0.38974609375 0.324853515625 0.0890625 0.01884765625
1 0.3888671875 0.32236328125 0.0892578125 0.019140625
1 0.38837890625 0.319775390625 0.0892578125 0.01982421875
1 0.387744140625 0.31362304687500003 0.08955078125 0.02548828125
1 0.386181640625 0.31064453125 0.08876953125 0.021484375
1 0.387451171875 0.306103515625 0.09130859375 0.02548828125
1 0.38681640625 0.301611328125 0.0919921875 0.02646484375
1 0.3859375 0.298583984375 0.091796875 0.02509765625
1 0.385400390625 0.295166015625 0.09326171875 0.02548828125
1 0.3845703125 0.291015625 0.0919921875 0.023828125
1 0.384716796875 0.28623046874999997 0.09326171875 0.0248046875
1 0.38330078125 0.2810546875 0.0919921875 0.02578125
1 0.383203125 0.264892578125 0.091796875 0.04033203125
1 0.38325195312500004 0.27480468750000003 0.09248046875 0.032421875
1 0.39101562500000003 0.331982421875 0.0900390625 0.02177734375
7 0.666015625 0.24208984375 0.1232421875 0.20234375
7 0.6606933593750001 0.4119140625 0.11611328125 0.21328125
1 0.5982421874999999 0.3630859375 0.038671875 0.019140625
1 0.5169921875 0.41513671875 0.247265625 0.120703125
1 0.65703125 0.437158203125 0.038671875 0.07998046875
1 0.52197265625 0.27197265625 0.0423828125 0.0314453125
1 0.542578125 0.66669921875 0.3142578125 0.2962890625
1 0.621923828125 0.533935546875 0.08056640625 0.17294921875
5 0.02158203125 0.35600585937499996 0.0431640625 0.12861328125
7 0.0220703125 0.55654296875 0.044140625 0.118359375
5 0.50537109375 0.77197265625 0.122265625 0.1888671875
1 0.48671875 0.48505859375000004 0.21796875 0.21953125
