2 0.7618652343750001 0.46572265625 0.06533203125 0.0716796875
1 0.57763671875 0.5188476562500001 0.419921875 0.2171875
1 0.546533203125 0.49233398437500003 0.24345703125 0.07724609375
1 0.626025390625 0.53388671875 0.26025390625 0.1087890625
1 0.704248046875 0.495849609375 0.07431640625 0.04990234375
1 0.6186035156249999 0.489111328125 0.14580078125 0.08857421875
1 0.6403320312499999 0.465966796875 0.0396484375 0.01162109375
7 0.643603515625 0.459912109375 0.26181640625 0.10048828125
7 0.502001953125 0.56923828125 0.57431640625 0.166015625
5 0.17075195312500002 0.6200683593749999 0.11025390625 0.22177734375
7 0.142578125 0.6121582031249999 0.027734375 0.05087890625
7 0.8548339843749999 0.5488769531250001 0.16220703125 0.14248046875
0 0.6546386718749999 0.38896484375 0.11728515625 0.03828125
1 0.47934570312499997 0.38984375000000004 0.04287109375 0.0236328125
1 0.797412109375 0.41538085937499997 0.08330078125 0.02080078125
