1 0.23046875 0.9123046875 0.125 0.1748046875
1 0.226220703125 0.908349609375 0.06611328125 0.05576171875
1 0.20551757812500002 0.8669921875 0.08427734375 0.0642578125
1 0.8154296875 0.986572265625 0.109765625 0.02626953125
1 0.729833984375 0.993017578125 0.10908203125 0.01337890625
1 0.93720703125 0.837060546875 0.125 0.13447265625
1 0.93486328125 0.8240234375 0.1130859375 0.081640625
1 0.93994140625 0.8708007812499999 0.1193359375 0.066015625
1 0.975390625 0.876806640625 0.0486328125 0.04189453125
1 0.536572265625 0.77314453125 0.69677734375 0.453125
1 0.2556640625 0.656494140625 0.083984375 0.14033203125
1 0.345361328125 0.5010742187499999 0.39912109375 0.3548828125
1 0.534912109375 0.586865234375 0.52744140625 0.24111328125
1 0.928759765625 0.9417968750000001 0.14189453125 0.1029296875
0 0.333154296875 0.7701171875 0.24833984375 0.075390625
0 0.77314453125 0.7339843749999999 0.18984375 0.0826171875
