1 0.170263671875 0.127294921875 0.34052734375 0.25458984375
1 0.047998046875 0.2263671875 0.09599609375 0.1775390625
1 0.758544921875 0.80439453125 0.04443359375 0.0724609375
0 0.7146484375 0.8317382812499999 0.0865234375 0.17265625
1 0.35566406250000004 0.02646484375 0.0744140625 0.0529296875
1 0.879248046875 0.5880859374999999 0.14091796875 0.112109375
1 0.860498046875 0.542626953125 0.16142578125 0.16201171875
1 0.8576171874999999 0.43735351562499997 0.0515625 0.06181640625
1 0.82138671875 0.48857421875 0.0451171875 0.060546875
1 0.784423828125 0.574267578125 0.07587890625 0.11474609375
1 0.034716796875 0.810888671875 0.06943359375 0.37763671875
1 0.355517578125 0.836669921875 0.71103515625 0.32607421875
1 0.488720703125 0.499853515625 0.97744140625 0.99970703125
1 0.0546875 0.393212890625 0.109375 0.27119140625
0 0.252490234375 0.4970703125 0.12998046875 0.166015625
0 0.41318359375 0.40126953125 0.7931640625 0.8025390625
