1 0.380859375 0.2705078125 0.25078125 0.40546875
1 0.307275390625 0.216552734375 0.04814453125 0.06083984375
1 0.28999023437500004 0.2373046875 0.19267578125 0.221875
1 0.261279296875 0.295947265625 0.30732421875 0.32080078125
7 0.18359375 0.50048828125 0.3482421875 0.4275390625
7 0.59970703125 0.333056640625 0.02578125 0.10322265625
7 0.5561035156249999 0.296630859375 0.12900390625 0.20634765625
7 0.8693359375 0.43388671874999996 0.2609375 0.493359375
1 0.681298828125 0.5341796875 0.20341796875 0.4599609375
1 0.694189453125 0.40712890625000003 0.14091796875 0.1197265625
7 0.591259765625 0.42275390625 0.18798828125 0.1140625
5 0.550341796875 0.42158203125 0.09873046875 0.0634765625
5 0.654150390625 0.494384765625 0.14208984375 0.12236328125
1 0.47646484375000003 0.97978515625 0.0396484375 0.0396484375
0 0.4021484375 0.97705078125 0.04140625 0.0453125
0 0.151904296875 0.961767578125 0.14013671875 0.07568359375
0 0.07890625 0.9716796875 0.0595703125 0.055859375
1 0.48955078124999996 0.67529296875 0.3556640625 0.541015625
5 0.51708984375 0.7587890625 0.0248046875 0.086328125
1 0.46787109375 0.6438964843749999 0.15703125 0.15146484375
5 0.536279296875 0.6251953124999999 0.07412109375 0.11015625
4 0.5759765625 0.6635253906249999 0.0671875 0.08037109375
5 0.458935546875 0.547265625 0.09501953125 0.1263671875
7 0.44960937500000003 0.5615234375 0.0376953125 0.034375
