1 0.218798828125 0.58798828125 0.34130859375 0.340625
1 0.34907226562500004 0.50859375 0.02900390625 0.09453125
1 0.0169921875 0.30185546875 0.033984375 0.2314453125
1 0.2326171875 0.428076171875 0.2306640625 0.28740234375
0 0.07763671875 0.683642578125 0.1552734375 0.39912109375
1 0.163818359375 0.432080078125 0.23837890625 0.28076171875
1 0.17978515625000002 0.506884765625 0.237109375 0.13291015625
7 0.76650390625 0.66748046875 0.28203125 0.3568359375
7 0.494970703125 0.6688476562500001 0.26533203125 0.2767578125
0 0.459228515625 0.57802734375 0.04541015625 0.034375
7 0.47124023437499996 0.4814453125 0.19794921875 0.1626953125
7 0.402880859375 0.5428222656249999 0.05478515625 0.06845703125
5 0.539697265625 0.5788085937499999 0.06103515625 0.0525390625
5 0.49887695312499997 0.5696289062500001 0.03447265625 0.05390625
7 0.6605468750000001 0.394384765625 0.3365234375 0.41103515625
