1 0.593994140625 0.36025390625 0.04462890625 0.060546875
1 0.6159179687499999 0.20654296875 0.06328125 0.0830078125
0 0.62919921875 0.247216796875 0.034765625 0.04072265625
7 0.6149414062499999 0.295166015625 0.0349609375 0.06513671875
3 0.594873046875 0.358642578125 0.03544921875 0.04658203125
5 0.5931640625 0.311328125 0.050390625 0.151171875
1 0.578662109375 0.26455078125 0.09130859375 0.183203125
6 0.448828125 0.26103515625 0.2150390625 0.155078125
7 0.250830078125 0.2369140625 0.24580078125 0.473828125
6 0.42812500000000003 0.23344726562499998 0.0669921875 0.04560546875
7 0.479541015625 0.118408203125 0.33212890625 0.23681640625
6 0.304931640625 0.41874999999999996 0.19912109375 0.28203125
6 0.457861328125 0.45869140625000004 0.23408203125 0.3201171875
4 0.54541015625 0.27705078125 0.123046875 0.1236328125
0 0.6370117187500001 0.34121093750000003 0.0265625 0.06015625
7 0.6668457031249999 0.530078125 0.25673828125 0.3458984375
7 0.70849609375 0.781103515625 0.2849609375 0.43720703125
7 0.912744140625 0.74951171875 0.17412109375 0.362109375
0 0.6350585937500001 0.2814453125 0.0265625 0.066796875
