1 0.70126953125 0.26630859375 0.1306640625 0.1279296875
7 0.695166015625 0.3794921875 0.19794921875 0.3607421875
1 0.561767578125 0.487451171875 0.21376953125 0.21162109375
7 0.5625 0.393994140625 0.231640625 0.45068359375
1 0.296142578125 0.41962890625 0.35419921875 0.4345703125
1 0.520849609375 0.739208984375 0.17958984375 0.23310546875
7 0.814892578125 0.149658203125 0.36982421875 0.29931640625
7 0.379345703125 0.115625 0.04091796875 0.0830078125
7 0.401416015625 0.04462890625 0.08857421875 0.0892578125
0 0.383837890625 0.070263671875 0.05380859375 0.14052734375
