0 0.0166015625 0.243701171875 0.033203125 0.15673828125
7 0.11044921875 0.30107421875 0.18671875 0.2490234375
6 0.633251953125 0.5265625 0.01806640625 0.055859375
6 0.7314453125 0.560986328125 0.066015625 0.07705078125
7 0.436962890625 0.52509765625 0.37646484375 0.08203125
6 0.336669921875 0.3921875 0.27060546875 0.20703125
0 0.26699218750000003 0.3619140625 0.12421875 0.0744140625
7 0.19609375 0.516259765625 0.07265625 0.03310546875
6 0.22138671875000002 0.564013671875 0.1599609375 0.10087890625
1 0.348193359375 0.76953125 0.42802734375 0.373046875
1 0.348046875 0.710693359375 0.3658203125 0.17197265625
7 0.54541015625 0.919677734375 0.0267578125 0.06611328125
1 0.6960937500000001 0.86669921875 0.0568359375 0.0396484375
1 0.693212890625 0.6567871093750001 0.18056640625 0.22822265625
5 0.539697265625 0.6067871093749999 0.23857421875 0.13095703125
1 0.09428710937500001 0.753466796875 0.17216796875 0.28603515625
6 0.074267578125 0.6142578125 0.14853515625 0.14453125
7 0.04384765625 0.632568359375 0.0654296875 0.06611328125
5 0.6875 0.252294921875 0.4017578125 0.33134765625
5 0.58603515625 0.535498046875 0.01640625 0.09423828125
