0 0.50908203125 0.033398437499999996 0.1583984375 0.06328125
7 0.499853515625 0.5390625 0.99970703125 0.9119140625
2 0.312646484375 0.6429687500000001 0.26689453125 0.164453125
2 0.74404296875 0.74443359375 0.036328125 0.0498046875
2 0.685888671875 0.695703125 0.09853515625 0.0763671875
2 0.7100097656250001 0.65185546875 0.16669921875 0.137109375
2 0.797509765625 0.61025390625 0.13330078125 0.2150390625
2 0.7685546875 0.51142578125 0.0681640625 0.044140625
2 0.7185546875 0.5789062500000001 0.1130859375 0.1185546875
2 0.6112792968749999 0.6658203125000001 0.11337890625 0.091015625
2 0.61376953125 0.74951171875 0.277734375 0.1046875
2 0.596875 0.5015136718750001 0.1078125 0.08583984375
2 0.70341796875 0.4224609375 0.05625 0.0294921875
2 0.63056640625 0.560205078125 0.243359375 0.27509765625
2 0.452392578125 0.6493164062500001 0.13623046875 0.117578125
2 0.660205078125 0.53212890625 0.39189453125 0.2041015625
2 0.610791015625 0.286962890625 0.05361328125 0.02880859375
2 0.6669921875 0.35888671875 0.3234375 0.154296875
2 0.20112304687500002 0.358984375 0.25400390625 0.1470703125
2 0.1 0.345751953125 0.198046875 0.16025390625
2 0.250146484375 0.33779296875 0.18486328125 0.143359375
2 0.10795898437500001 0.612744140625 0.12470703125 0.08759765625
2 0.07915039062500001 0.49345703125 0.08564453125 0.070703125
2 0.090576171875 0.551806640625 0.13291015625 0.14677734375
2 0.177783203125 0.49174804687499996 0.11611328125 0.15205078125
2 0.32392578125000004 0.27841796874999997 0.0333984375 0.04140625
2 0.383642578125 0.396630859375 0.08798828125 0.04912109375
2 0.42744140625000004 0.298583984375 0.1755859375 0.07490234375
2 0.27265625000000004 0.45517578125 0.1775390625 0.1037109375
2 0.4365234375 0.482421875 0.4947265625 0.3546875
2 0.442626953125 0.455322265625 0.12333984375 0.08427734375
2 0.3783203125 0.506689453125 0.161328125 0.11357421875
0 0.331494140625 0.367578125 0.09228515625 0.0873046875
2 0.3888671875 0.326416015625 0.1064453125 0.11806640625
0 0.385546875 0.322509765625 0.04296875 0.02158203125
0 0.182470703125 0.276318359375 0.04228515625 0.02529296875
0 0.154443359375 0.56982421875 0.06279296875 0.03203125
5 0.263916015625 0.32460937500000003 0.07607421875 0.1021484375
