1 0.587646484375 0.271875 0.12568359375 0.1349609375
7 0.493896484375 0.213818359375 0.09560546875 0.25146484375
0 0.534130859375 0.3421875 0.07412109375 0.076171875
1 0.373388671875 0.19296875 0.34130859375 0.2599609375
0 0.367578125 0.46132812500000003 0.2318359375 0.0724609375
2 0.48330078125 0.4021484375 0.0248046875 0.0498046875
7 0.309521484375 0.412548828125 0.35322265625 0.10341796875
1 0.309814453125 0.3234375 0.33330078125 0.25
1 0.285693359375 0.34267578125000003 0.15673828125 0.08359375
3 0.239453125 0.506396484375 0.066796875 0.11884765625
1 0.23940429687499998 0.6820800781249999 0.36708984375 0.29716796875
0 0.642529296875 0.73720703125 0.04169921875 0.0275390625
2 0.6336425781249999 0.8060546875 0.15146484375 0.125
1 0.84423828125 0.08657226562499999 0.041015625 0.01337890625
