6 0.190771484375 0.053759765625 0.10517578125 0.10751953125
7 0.483154296875 0.018701171875 0.04560546875 0.03740234375
7 0.260595703125 0.050244140625 0.16396484375 0.10048828125
7 0.40283203125 0.03623046875 0.128515625 0.0724609375
7 0.34340820312500003 0.13310546875 0.14755859375 0.2390625
6 0.16494140625 0.33037109374999996 0.25546875 0.325390625
7 0.422314453125 0.259716796875 0.26318359375 0.37001953125
7 0.538720703125 0.111279296875 0.14482421875 0.22255859375
1 0.46079101562499997 0.074609375 0.11806640625 0.09296875
1 0.367333984375 0.1013671875 0.05556640625 0.0552734375
7 0.13334960937499998 0.558203125 0.21455078125 0.38359375
0 0.252978515625 0.818310546875 0.17314453125 0.36279296875
7 0.790283203125 0.02646484375 0.10693359375 0.0529296875
7 0.634130859375 0.09638671875 0.23408203125 0.1927734375
7 0.768603515625 0.126513671875 0.17705078125 0.19150390625
1 0.639599609375 0.81259765625 0.21181640625 0.215234375
1 0.652392578125 0.73740234375 0.24033203125 0.251953125
7 0.8369140625 0.37998046875 0.3033203125 0.49140625
7 0.61708984375 0.41533203124999996 0.3263671875 0.5013671875
3 0.158837890625 0.104296875 0.09404296875 0.1359375
0 0.49467773437499996 0.5744140625 0.12529296875 0.251953125
1 0.38681640625 0.595849609375 0.1921875 0.33662109375
1 0.330078125 0.564697265625 0.0248046875 0.03408203125
1 0.344140625 0.6133789062499999 0.0166015625 0.058203125
1 0.37265625 0.5650390625 0.059765625 0.14453125
1 0.34726562499999997 0.552294921875 0.0173828125 0.05888671875
1 0.30756835937500004 0.38095703125 0.26884765625 0.3564453125
1 0.424169921875 0.5466796875 0.06123046875 0.1435546875
