1 0.19560546875 0.5171875 0.1603515625 0.0865234375
1 0.015380859375 0.559912109375 0.03076171875 0.02607421875
6 0.084814453125 0.487939453125 0.16962890625 0.16240234375
1 0.42705078125 0.647705078125 0.064453125 0.02509765625
1 0.577587890625 0.481396484375 0.53603515625 0.34970703125
1 0.3232421875 0.754248046875 0.4083984375 0.21630859375
1 0.202734375 0.697509765625 0.40546875 0.31669921875
7 0.24599609375 0.643310546875 0.20703125 0.15224609375
1 0.7216796875 0.733349609375 0.4546875 0.36904296875
7 0.2001953125 0.68408203125 0.2013671875 0.1294921875
0 0.18603515625 0.6966796875 0.1703125 0.0947265625
0 0.095068359375 0.66806640625 0.19013671875 0.1837890625
