7 0.1259765625 0.61376953125 0.0927734375 0.191796875
7 0.078271484375 0.7392578125 0.15654296875 0.2642578125
5 0.154296875 0.72158203125 0.0283203125 0.114453125
5 0.30205078125 0.8136230468750001 0.21328125 0.20205078125
7 0.26328125 0.63427734375 0.2388671875 0.5185546875
7 0.267578125 0.26474609375 0.1572265625 0.41171875
7 0.5220703125 0.74384765625 0.3189453125 0.37265625
7 0.481591796875 0.402294921875 0.25146484375 0.45869140625
7 0.91533203125 0.735009765625 0.1689453125 0.41240234375
7 0.719140625 0.69755859375 0.237890625 0.4837890625
