1 0.240771484375 0.5237304687500001 0.05009765625 0.058984375
1 0.54775390625 0.445654296875 0.6423828125 0.69912109375
0 0.536962890625 0.452490234375 0.61044921875 0.47392578125
0 0.2845703125 0.36684570312500003 0.087890625 0.22275390625
7 0.283837890625 0.19833984375 0.07119140625 0.133984375
1 0.333154296875 0.21640625 0.16669921875 0.3576171875
1 0.5352539062499999 0.3365234375 0.48671875 0.441015625
1 0.47431640625 0.406982421875 0.087890625 0.18603515625
1 0.514794921875 0.448095703125 0.03388671875 0.06455078125
1 0.48037109375 0.369384765625 0.11953125 0.17451171875
