0 0.408935546875 0.718798828125 0.02431640625 0.03935546875
3 0.215380859375 0.36967773437499996 0.11083984375 0.16337890625
3 0.36806640625000003 0.40029296875000003 0.075390625 0.05390625
7 0.341259765625 0.41630859375 0.11162109375 0.0482421875
5 0.685498046875 0.483349609375 0.18798828125 0.19150390625
5 0.255224609375 0.59638671875 0.30654296875 0.3568359375
5 0.590966796875 0.7005371093749999 0.41298828125 0.38662109375
1 0.59091796875 0.28525390625 0.2076171875 0.1822265625
1 0.1701171875 0.514501953125 0.1240234375 0.15009765625
1 0.301806640625 0.502783203125 0.02431640625 0.03603515625
1 0.25830078125 0.485107421875 0.078125 0.06416015625
1 0.335791015625 0.523095703125 0.06748046875 0.02177734375
1 0.335791015625 0.504296875 0.03271484375 0.041015625
7 0.1974609375 0.565478515625 0.060546875 0.07138671875
7 0.28017578125 0.56591796875 0.17734375 0.081640625
1 0.26997070312500004 0.517822265625 0.12724609375 0.05751953125
7 0.72509765625 0.463623046875 0.0568359375 0.07607421875
7 0.607666015625 0.48813476562499997 0.04169921875 0.01982421875
1 0.6990722656249999 0.4763671875 0.02255859375 0.051953125
1 0.692724609375 0.439453125 0.05009765625 0.0701171875
0 0.610302734375 0.429296875 0.16943359375 0.1435546875
7 0.6744628906250001 0.630615234375 0.16298828125 0.25458984375
1 0.6160644531249999 0.6814453125 0.10166015625 0.151171875
7 0.493505859375 0.468359375 0.21923828125 0.2734375
7 0.49443359375 0.6426269531250001 0.2001953125 0.18349609375
7 0.431103515625 0.66416015625 0.07841796875 0.073046875
0 0.654150390625 0.4677734375 0.07861328125 0.1173828125
