5 0.451513671875 0.559814453125 0.37529296875 0.29912109375
4 0.2833984375 0.750341796875 0.0376953125 0.07861328125
5 0.52626953125 0.409375 0.3568359375 0.096484375
5 0.5341796875 0.731640625 0.172265625 0.0625
7 0.33583984375 0.71337890625 0.0935546875 0.0974609375
5 0.333984375 0.385302734375 0.1150390625 0.11337890625
7 0.45063476562500004 0.702734375 0.16572265625 0.0984375
7 0.41669921875 0.42324218750000003 0.088671875 0.0587890625
5 0.576513671875 0.2767578125 0.27744140625 0.180078125
5 0.482177734375 0.304833984375 0.13623046875 0.11611328125
5 0.552294921875 0.312158203125 0.30224609375 0.21103515625
7 0.483642578125 0.6261230468750001 0.20341796875 0.10146484375
5 0.5977539062499999 0.42573242187500004 0.1802734375 0.19169921875
0 0.323046875 0.641748046875 0.118359375 0.01611328125
6 0.502978515625 0.538720703125 0.26650390625 0.14580078125
5 0.3412109375 0.30654296875 0.0859375 0.112109375
5 0.6593749999999999 0.6802734375 0.088671875 0.125
5 0.4517578125 0.3837890625 0.2619140625 0.265625
