5 0.0365234375 0.575146484375 0.0505859375 0.04169921875
1 0.012255859375 0.58125 0.02451171875 0.04140625
0 0.09658203125 0.5757324218750001 0.036328125 0.01162109375
0 0.046337890625 0.606640625 0.07080078125 0.0302734375
4 0.091796875 0.597412109375 0.07109375 0.02724609375
2 0.108935546875 0.6263183593749999 0.07177734375 0.05478515625
7 0.14580078124999998 0.679931640625 0.034375 0.03740234375
1 0.81494140625 0.535693359375 0.206640625 0.07783203125
0 0.154931640625 0.8267578125 0.07841796875 0.043359375
0 0.2716796875 0.880859375 0.137890625 0.1802734375
1 0.8962890625 0.644580078125 0.206640625 0.12548828125
0 0.860302734375 0.675341796875 0.04658203125 0.03525390625
0 0.894189453125 0.648828125 0.04228515625 0.0193359375
0 0.9076171875 0.6974121093750001 0.0552734375 0.02333984375
0 0.7173828124999999 0.949072265625 0.0591796875 0.10146484375
0 0.8779296875 0.754443359375 0.0548828125 0.04912109375
0 0.831787109375 0.616357421875 0.03798828125 0.01787109375
4 0.34736328125 0.77578125 0.07109375 0.044140625
0 0.8328125 0.711279296875 0.0505859375 0.02431640625
0 0.800244140625 0.695068359375 0.05361328125 0.03544921875
0 0.7878906250000001 0.7150390625 0.05390625 0.029296875
5 0.7955078124999999 0.6423828125000001 0.038671875 0.027734375
7 0.782958984375 0.5831542968750001 0.12470703125 0.10537109375
0 0.79560546875 0.701025390625 0.0734375 0.07314453125
5 0.751513671875 0.58583984375 0.06650390625 0.0412109375
7 0.7705078125 0.748974609375 0.06875 0.05654296875
4 0.739208984375 0.7245117187500001 0.05654296875 0.0228515625
1 0.725341796875 0.771435546875 0.04658203125 0.05732421875
2 0.51796875 0.807763671875 0.0591796875 0.04658203125
0 0.7414062499999999 0.677099609375 0.05625 0.02431640625
0 0.612255859375 0.73798828125 0.12470703125 0.044921875
1 0.60830078125 0.77158203125 0.0505859375 0.033203125
2 0.517236328125 0.714306640625 0.04033203125 0.04169921875
5 0.572216796875 0.708056640625 0.10615234375 0.06748046875
5 0.67294921875 0.757763671875 0.0892578125 0.04931640625
5 0.5044921875 0.768798828125 0.1669921875 0.04658203125
0 0.62197265625 0.7857421875 0.7552734375 0.1443359375
0 0.47519531249999997 0.733935546875 0.0701171875 0.03525390625
1 0.661328125 0.694775390625 0.0462890625 0.02900390625
1 0.46010742187500003 0.711083984375 0.25888671875 0.09873046875
0 0.430419921875 0.72607421875 0.06513671875 0.0458984375
0 0.401416015625 0.739208984375 0.09853515625 0.04443359375
0 0.655224609375 0.674951171875 0.06708984375 0.03349609375
1 0.72060546875 0.6943359375 0.08203125 0.0552734375
0 0.39150390625 0.777880859375 0.04296875 0.03642578125
2 0.541162109375 0.6504394531250001 0.06845703125 0.03896484375
7 0.491845703125 0.6311523437500001 0.07373046875 0.058984375
9 0.6178710937499999 0.678173828125 0.2046875 0.13662109375
7 0.676123046875 0.593115234375 0.22587890625 0.15107421875
4 0.597265625 0.5668457031249999 0.032421875 0.06865234375
5 0.544482421875 0.597607421875 0.09228515625 0.04287109375
2 0.470849609375 0.591796875 0.05751953125 0.0515625
7 0.574951171875 0.534716796875 0.29267578125 0.10263671875
7 0.651123046875 0.5380859375 0.10517578125 0.0751953125
1 0.525830078125 0.585595703125 0.09326171875 0.03720703125
0 0.50263671875 0.548828125 0.0615234375 0.07734375
5 0.4587890625 0.564599609375 0.05390625 0.02353515625
5 0.463623046875 0.539404296875 0.05751953125 0.05849609375
5 0.48232421875000003 0.50263671875 0.0353515625 0.015625
5 0.43515624999999997 0.507861328125 0.06875 0.05283203125
0 0.289013671875 0.59638671875 0.39150390625 0.4005859375
7 0.206787109375 0.3818359375 0.04990234375 0.0294921875
4 0.376171875 0.40908203125000003 0.07109375 0.023046875
2 0.235400390625 0.393896484375 0.05224609375 0.03076171875
2 0.27475585937499997 0.39003906250000003 0.04228515625 0.050390625
7 0.322705078125 0.39990234375 0.09521484375 0.0359375
0 0.2427734375 0.379345703125 0.0390625 0.03994140625
0 0.300927734375 0.369384765625 0.17197265625 0.06123046875
0 0.379931640625 0.385693359375 0.04697265625 0.01591796875
5 0.327880859375 0.36787109375 0.05458984375 0.034765625
0 0.29643554687499996 0.37265625 0.03740234375 0.017578125
