7 0.33720703124999996 0.270068359375 0.3666015625 0.28623046875
0 0.499853515625 0.49990234375 0.99970703125 0.9998046875
1 0.42915039062500004 0.3326171875 0.08857421875 0.189453125
1 0.70625 0.186279296875 0.090234375 0.08662109375
1 0.846923828125 0.149755859375 0.30556640625 0.24345703125
2 0.6574218749999999 0.228369140625 0.144140625 0.06962890625
7 0.6550781250000001 0.40908203125 0.063671875 0.2205078125
4 0.5048828125 0.545361328125 0.308984375 0.59638671875
0 0.925341796875 0.2716796875 0.14873046875 0.0603515625
1 0.711279296875 0.27646484374999997 0.14931640625 0.0994140625
7 0.742041015625 0.559765625 0.16923828125 0.0900390625
7 0.6845703125 0.6490234374999999 0.10703125 0.11484375
7 0.8382812500000001 0.27895507812500003 0.1087890625 0.03193359375
0 0.697216796875 0.14306640625 0.28037109375 0.24453125
0 0.86083984375 0.7145507812499999 0.277734375 0.1109375
