5 0.4765625 0.404296875 0.7677734375 0.6986328125
4 0.7118652343749999 0.206005859375 0.12333984375 0.10146484375
4 0.589013671875 0.204345703125 0.10498046875 0.09716796875
4 0.472216796875 0.197265625 0.10791015625 0.1009765625
3 0.609033203125 0.1865234375 0.05205078125 0.0310546875
4 0.35444335937500004 0.18808593750000002 0.11591796875 0.1087890625
4 0.236279296875 0.180859375 0.11728515625 0.1107421875
4 0.71435546875 0.299560546875 0.125 0.08837890625
4 0.590087890625 0.294677734375 0.10791015625 0.09228515625
4 0.472021484375 0.292529296875 0.10751953125 0.08935546875
4 0.354541015625 0.283203125 0.11533203125 0.0998046875
4 0.237109375 0.2779296875 0.1130859375 0.1009765625
4 0.713037109375 0.39150390625 0.12626953125 0.078515625
4 0.589697265625 0.38857421875 0.10888671875 0.08046875
0 0.71962890625 0.196240234375 0.0478515625 0.03779296875
0 0.71650390625 0.29018554687500003 0.037109375 0.03876953125
0 0.59775390625 0.38740234375 0.044921875 0.026171875
4 0.473388671875 0.385986328125 0.10888671875 0.08017578125
4 0.35830078125 0.381640625 0.1107421875 0.081640625
4 0.235791015625 0.376953125 0.11689453125 0.0837890625
4 0.712548828125 0.4767578125 0.12919921875 0.078515625
4 0.589013671875 0.47392578125 0.10888671875 0.0796875
4 0.472998046875 0.472705078125 0.10751953125 0.07919921875
4 0.356396484375 0.469482421875 0.11142578125 0.08232421875
4 0.23720703124999998 0.46875 0.1146484375 0.0818359375
4 0.7108886718749999 0.5599121093749999 0.12919921875 0.08212890625
4 0.589111328125 0.5595214843749999 0.11044921875 0.08408203125
4 0.471630859375 0.5587890624999999 0.10791015625 0.0826171875
4 0.353466796875 0.557421875 0.10947265625 0.0837890625
4 0.232568359375 0.5576171875 0.12080078125 0.084765625
4 0.71240234375 0.649365234375 0.1294921875 0.08935546875
4 0.592431640625 0.64912109375 0.11630859375 0.0888671875
0 0.6049316406249999 0.650390625 0.04716796875 0.022265625
4 0.472705078125 0.646826171875 0.10947265625 0.08720703125
0 0.4810546875 0.6469238281249999 0.0494140625 0.02158203125
4 0.357275390625 0.646728515625 0.11240234375 0.08603515625
4 0.23564453125 0.649365234375 0.1146484375 0.09130859375
