1 0.670166015625 0.205517578125 0.07041015625 0.07861328125
1 0.825927734375 0.924072265625 0.34755859375 0.15126953125
1 0.91982421875 0.801025390625 0.159765625 0.13173828125
1 0.7900390625 0.7615722656249999 0.4193359375 0.38466796875
7 0.49189453125000004 0.688330078125 0.581640625 0.62275390625
2 0.5990234375000001 0.74814453125 0.3521484375 0.184765625
0 0.513525390625 0.227783203125 0.28837890625 0.10693359375
2 0.83388671875 0.576318359375 0.1974609375 0.29443359375
7 0.594921875 0.4771484375 0.8095703125 0.5064453125
2 0.083984375 0.747607421875 0.16796875 0.17783203125
0 0.05537109375 0.633056640625 0.1107421875 0.16396484375
2 0.20029296875 0.6591796875 0.2265625 0.15625
0 0.246875 0.7496093749999999 0.23046875 0.081640625
1 0.034375 0.810302734375 0.06875 0.11064453125
5 0.641162109375 0.125537109375 0.06083984375 0.05009765625
2 0.550146484375 0.202099609375 0.20341796875 0.16220703125
0 0.454150390625 0.23896484375 0.09951171875 0.0845703125
0 0.408251953125 0.1548828125 0.03076171875 0.203125
0 0.774609375 0.128369140625 0.2265625 0.23583984375
0 0.81923828125 0.06435546875 0.3125 0.1287109375
7 0.8537109375 0.23203125 0.2919921875 0.4640625
7 0.48564453125 0.963818359375 0.0982421875 0.07197265625
