2 0.504150390625 0.175634765625 0.13681640625 0.10556640625
2 0.329833984375 0.22138671875000002 0.15185546875 0.1228515625
0 0.82275390625 0.44003906249999997 0.1099609375 0.078515625
5 0.7312988281249999 0.537255859375 0.23544921875 0.08291015625
5 0.69423828125 0.415185546875 0.2158203125 0.20185546875
2 0.293017578125 0.42890625 0.17138671875 0.1248046875
2 0.294482421875 0.376904296875 0.15849609375 0.10791015625
5 0.584228515625 0.59228515625 0.22548828125 0.0755859375
5 0.681396484375 0.6990234375000001 0.27509765625 0.2482421875
5 0.56787109375 0.68408203125 0.2158203125 0.174609375
4 0.552099609375 0.8729492187500001 0.26142578125 0.13515625
5 0.7966796875 0.86064453125 0.2 0.2408203125
5 0.7518554687500001 0.85498046875 0.262109375 0.1732421875
5 0.93876953125 0.9067871093750001 0.1220703125 0.13935546875
