6 0.41318359375 0.5828125 0.5677734375 0.299609375
6 0.93818359375 0.45 0.123046875 0.046875
7 0.90751953125 0.3703125 0.1841796875 0.123046875
0 0.879150390625 0.27607421875 0.11279296875 0.0283203125
3 0.716796875 0.31982421875 0.043359375 0.0294921875
3 0.808349609375 0.348193359375 0.05986328125 0.03916015625
5 0.7712890625000001 0.403173828125 0.172265625 0.08408203125
5 0.9374511718749999 0.478955078125 0.04228515625 0.03076171875
2 0.705029296875 0.433544921875 0.04365234375 0.03818359375
7 0.447021484375 0.215185546875 0.05087890625 0.04443359375
7 0.393896484375 0.26884765625 0.23017578125 0.1423828125
7 0.02763671875 0.6510253906250001 0.0552734375 0.11904296875
5 0.14150390625 0.7621582031249999 0.13359375 0.07939453125
1 0.138720703125 0.759033203125 0.12470703125 0.07119140625
5 0.076025390625 0.7900390625 0.08134765625 0.0384765625
5 0.0248046875 0.6270507812499999 0.049609375 0.0240234375
0 0.093115234375 0.6128417968750001 0.10947265625 0.01435546875
1 0.4146484375 0.42084960937500004 0.407421875 0.23955078125
0 0.47109375000000003 0.6431152343750001 0.094921875 0.21181640625
5 0.83994140625 0.7955078125 0.0462890625 0.0568359375
