5 0.9162109375 0.104833984375 0.1671875 0.20966796875
0 0.851171875 0.1796875 0.0560546875 0.0267578125
0 0.24580078125 0.9237304687500001 0.1478515625 0.1517578125
5 0.2181640625 0.630615234375 0.0349609375 0.14814453125
1 0.12065429687500001 0.666015625 0.09345703125 0.1951171875
1 0.145361328125 0.6728027343749999 0.12744140625 0.25029296875
7 0.42822265625 0.932080078125 0.3171875 0.13525390625
7 0.4490234375 0.5224609375 0.67734375 0.8697265625
0 0.1869140625 0.95400390625 0.0255859375 0.0806640625
7 0.3220703125 0.9076171875 0.0552734375 0.034765625
0 0.357177734375 0.914794921875 0.03720703125 0.04130859375
