4 0.378515625 0.45966796875 0.159765625 0.625
4 0.17373046875 0.42646484375 0.2720703125 0.7748046875
4 0.887060546875 0.38330078125 0.20068359375 0.3373046875
4 0.949755859375 0.622802734375 0.09990234375 0.37333984375
4 0.747802734375 0.5508789062499999 0.11064453125 0.402734375
4 0.8707031249999999 0.521826171875 0.258203125 0.60048828125
4 0.68701171875 0.5052734375 0.28671875 0.66796875
4 0.496826171875 0.5103515624999999 0.21181640625 0.6775390625
0 0.5435546875 0.368408203125 0.0974609375 0.08271484375
0 0.956201171875 0.403125 0.08701171875 0.08203125
