7 0.90869140625 0.14990234375 0.1818359375 0.1306640625
1 0.9677734375 0.307177734375 0.0638671875 0.06220703125
1 0.37382812499999996 0.492919921875 0.4203125 0.42783203125
1 0.925927734375 0.246826171875 0.04560546875 0.02333984375
7 0.6514648437499999 0.463134765625 0.05625 0.02353515625
7 0.72998046875 0.581591796875 0.189453125 0.03818359375
7 0.43833007812499997 0.5630859375 0.12333984375 0.0890625
5 0.5603515625000001 0.5169921875 0.1498046875 0.1267578125
1 0.5748046875 0.538330078125 0.1845703125 0.13466796875
1 0.7276367187499999 0.52841796875 0.1841796875 0.1232421875
7 0.523828125 0.418310546875 0.1283203125 0.10986328125
5 0.516015625 0.2896484375 0.1259765625 0.1701171875
1 0.423779296875 0.358740234375 0.07705078125 0.16142578125
5 0.47670898437500003 0.500830078125 0.17294921875 0.08408203125
5 0.465087890625 0.46103515625 0.11279296875 0.0763671875
5 0.70986328125 0.715869140625 0.2576171875 0.22294921875
5 0.712158203125 0.289208984375 0.10419921875 0.15673828125
7 0.6229003906249999 0.3611328125 0.17099609375 0.211328125
7 0.736474609375 0.4755859375 0.12900390625 0.0552734375
7 0.846923828125 0.36123046875 0.30556640625 0.2701171875
