7 0.9091796875 0.42573242187500004 0.180859375 0.44365234375
1 0.8456054687500001 0.916455078125 0.308203125 0.16669921875
1 0.8744628906249999 0.79560546875 0.25029296875 0.215234375
1 0.9010742187499999 0.678955078125 0.1970703125 0.14306640625
7 0.8748046875 0.508544921875 0.24375 0.58212890625
0 0.3185546875 0.03994140625 0.081640625 0.0798828125
0 0.361572265625 0.0408203125 0.06318359375 0.081640625
7 0.34111328125 0.03994140625 0.0677734375 0.0798828125
7 0.401123046875 0.041162109375 0.09658203125 0.08232421875
1 0.51484375 0.043408203125 0.0634765625 0.08681640625
1 0.460595703125 0.042919921875 0.09853515625 0.08583984375
7 0.50234375 0.5158203125 0.873046875 0.8888671875
