4 0.49736328125 0.48173828125 0.075390625 0.0423828125
1 0.4193359375 0.6532226562500001 0.3736328125 0.476171875
1 0.457861328125 0.98701171875 0.12861328125 0.0255859375
0 0.42314453125 0.94677734375 0.055859375 0.105859375
5 0.46162109375 0.9001953125000001 0.125 0.1544921875
0 0.442822265625 0.83095703125 0.04697265625 0.017578125
0 0.3576171875 0.81884765625 0.0625 0.0369140625
0 0.36884765625 0.8319824218749999 0.1001953125 0.08310546875
7 0.370849609375 0.71171875 0.11279296875 0.2537109375
1 0.41635742187499997 0.688330078125 0.12431640625 0.19619140625
1 0.40922851562499996 0.533544921875 0.17158203125 0.26689453125
4 0.496240234375 0.550830078125 0.07177734375 0.14033203125
3 0.431396484375 0.44829101562499996 0.14521484375 0.28740234375
0 0.51171875 0.622412109375 0.069140625 0.06767578125
0 0.3419921875 0.63798828125 0.097265625 0.7234375
7 0.489306640625 0.147705078125 0.34228515625 0.29541015625
0 0.53720703125 0.406591796875 0.077734375 0.09150390625
0 0.55859375 0.369921875 0.0390625 0.070703125
