5 0.471044921875 0.69853515625 0.09228515625 0.0984375
1 0.7462402343750001 0.721875 0.48447265625 0.28046875
5 0.4751953125 0.717626953125 0.083984375 0.11083984375
7 0.6587890625 0.84619140625 0.105859375 0.0396484375
7 0.0548828125 0.6095214843750001 0.090625 0.07412109375
7 0.18720703125 0.466650390625 0.215625 0.15751953125
5 0.2912109375 0.54619140625 0.08828125 0.0810546875
7 0.186181640625 0.619140625 0.20439453125 0.1728515625
7 0.2728515625 0.723486328125 0.3181640625 0.12001953125
5 0.21347656250000002 0.527294921875 0.1021484375 0.04462890625
