5 0.43115234375 0.700439453125 0.0146484375 0.06416015625
7 0.577392578125 0.20273437500000002 0.25146484375 0.213671875
7 0.6513671875 0.374658203125 0.0607421875 0.07939453125
7 0.40556640625 0.30859375 0.1294921875 0.18125
7 0.540625 0.3123046875 0.169140625 0.12734375
7 0.382470703125 0.388671875 0.12001953125 0.2939453125
7 0.696728515625 0.54267578125 0.21826171875 0.3267578125
7 0.47646484375000003 0.45864257812500003 0.1001953125 0.25400390625
5 0.40366210937499997 0.73681640625 0.03994140625 0.0873046875
7 0.336328125 0.62958984375 0.205859375 0.3478515625
6 0.255322265625 0.386083984375 0.27509765625 0.53271484375
7 0.59755859375 0.77265625 0.328125 0.39453125
7 0.55869140625 0.4763671875 0.22890625 0.2734375
7 0.8759765625 0.0419921875 0.1130859375 0.083984375
7 0.7646484375 0.0708984375 0.123046875 0.0677734375
7 0.9638671875 0.082177734375 0.0716796875 0.16435546875
7 0.7594238281250001 0.165869140625 0.11611328125 0.19677734375
7 0.88779296875 0.127294921875 0.1515625 0.19443359375
7 0.8480468750000001 0.27333984375 0.2298828125 0.2060546875
