6 0.7150390625 0.4150390625 0.2296875 0.256640625
7 0.683349609375 0.49648437500000003 0.10966796875 0.0744140625
5 0.721484375 0.39584960937499997 0.2271484375 0.22353515625
7 0.549609375 0.543115234375 0.1984375 0.38525390625
0 0.10712890625 0.8234375 0.1279296875 0.1865234375
7 0.32275390625 0.786376953125 0.392578125 0.33798828125
7 0.2732421875 0.54765625 0.4705078125 0.424609375
0 0.907275390625 0.284033203125 0.18505859375 0.19580078125
5 0.91279296875 0.215087890625 0.173828125 0.14052734375
7 0.2876953125 0.372705078125 0.0396484375 0.05556640625
