5 0.41655273437499996 0.101513671875 0.15009765625 0.19912109375
7 0.080224609375 0.8611328125 0.16044921875 0.2771484375
1 0.212548828125 0.490966796875 0.20439453125 0.50830078125
1 0.26845703125 0.530908203125 0.158984375 0.39716796875
1 0.5232910156249999 0.653564453125 0.52626953125 0.54130859375
7 0.5366699218750001 0.72705078125 0.11904296875 0.1669921875
1 0.3541015625 0.482177734375 0.232421875 0.30029296875
1 0.4357421875 0.47944335937500004 0.273828125 0.37958984375
1 0.561376953125 0.35629882812499997 0.52705078125 0.60283203125
1 0.185888671875 0.847705078125 0.03349609375 0.06845703125
7 0.17373046875 0.8992675781249999 0.0349609375 0.17294921875
