1 0.8427734375 0.78271484375 0.3138671875 0.433984375
6 0.580908203125 0.47802734375 0.75830078125 0.394140625
5 0.2755859375 0.58154296875 0.4083984375 0.45234375
5 0.6385742187500001 0.49208984375 0.4947265625 0.4677734375
4 0.6205566406249999 0.4623046875 0.11142578125 0.1185546875
3 0.5884277343750001 0.381689453125 0.14052734375 0.09775390625
3 0.672265625 0.34589843750000004 0.2400390625 0.1267578125
4 0.708447265625 0.547119140625 0.14248046875 0.22119140625
7 0.758935546875 0.420849609375 0.16533203125 0.13095703125
5 0.526953125 0.497802734375 0.1392578125 0.28076171875
