7 0.379345703125 0.43647460937500004 0.09326171875 0.04560546875
7 0.601318359375 0.28994140625 0.22119140625 0.163671875
7 0.5791503906250001 0.370947265625 0.12861328125 0.15751953125
7 0.43818359375 0.1623046875 0.0634765625 0.076171875
7 0.40083007812500004 0.29243164062500004 0.31083984375 0.25595703125
1 0.23564453125 0.216064453125 0.028125 0.06201171875
1 0.11875000000000001 0.22744140625 0.2123046875 0.0828125
1 0.184033203125 0.269580078125 0.25166015625 0.05654296875
1 0.207568359375 0.096826171875 0.40380859375 0.19365234375
7 0.008740234375 0.04052734375 0.01748046875 0.0810546875
5 0.533740234375 0.26191406250000004 0.03837890625 0.01484375
7 0.509375 0.48100585937499996 0.2251953125 0.18330078125
7 0.7217773437499999 0.355615234375 0.1412109375 0.04912109375
7 0.792333984375 0.505712890625 0.39091796875 0.33427734375
7 0.69228515625 0.7245117187500001 0.42890625 0.5044921875
0 0.768359375 0.508056640625 0.0611328125 0.04287109375
0 0.7420410156249999 0.5278808593750001 0.04892578125 0.03798828125
