7 0.8231933593749999 0.76689453125 0.08232421875 0.0505859375
7 0.85322265625 0.7365234375 0.0873046875 0.122265625
0 0.812646484375 0.65859375 0.10478515625 0.1083984375
1 0.49077148437499996 0.527001953125 0.62236328125 0.48310546875
1 0.296630859375 0.283642578125 0.04501953125 0.03994140625
0 0.2501953125 0.09785156249999999 0.038671875 0.0369140625
0 0.3009765625 0.11860351562499999 0.08203125 0.03740234375
0 0.219384765625 0.11103515625 0.04130859375 0.019140625
7 0.269970703125 0.155517578125 0.03935546875 0.01533203125
7 0.31000976562500004 0.23154296875000002 0.04658203125 0.054296875
7 0.37631835937499997 0.249609375 0.11904296875 0.0439453125
7 0.39736328125000003 0.23378906249999998 0.051953125 0.0423828125
7 0.25576171875 0.18896484375 0.03671875 0.02578125
7 0.1046875 0.21059570312499998 0.0400390625 0.02333984375
7 0.21748046875000002 0.21132812499999998 0.0572265625 0.0228515625
7 0.2490234375 0.276953125 0.041015625 0.02109375
1 0.5765625 0.018310546875 0.055859375 0.03271484375
1 0.6112792968749999 0.011279296875 0.08232421875 0.02255859375
5 0.41552734375 0.99296875 0.0724609375 0.013671875
0 0.981005859375 0.76572265625 0.03740234375 0.06171875
