6 0.782470703125 0.783251953125 0.30556640625 0.37998046875
1 0.50791015625 0.658740234375 0.0525390625 0.07470703125
1 0.402880859375 0.580908203125 0.10048828125 0.12138671875
6 0.14287109375 0.33955078125000004 0.112109375 0.07734375
6 0.10439453125 0.402099609375 0.158203125 0.13095703125
6 0.114013671875 0.34223632812500004 0.10146484375 0.08271484375
7 0.13730468750000002 0.69755859375 0.12578125 0.202734375
1 0.287353515625 0.4591796875 0.09248046875 0.1484375
1 0.37216796875 0.506982421875 0.1515625 0.17197265625
1 0.257763671875 0.34521484375 0.16591796875 0.1779296875
1 0.30454101562499997 0.463134765625 0.02626953125 0.04931640625
1 0.46796875000000004 0.26972656250000004 0.231640625 0.1736328125
1 0.331494140625 0.392333984375 0.08701171875 0.11669921875
1 0.339892578125 0.32822265624999997 0.02705078125 0.0505859375
1 0.48701171875 0.2984375 0.133203125 0.1345703125
1 0.3611328125 0.43017578125 0.1185546875 0.1884765625
7 0.43300781250000003 0.615283203125 0.10859375 0.17431640625
1 0.572216796875 0.513232421875 0.34775390625 0.57412109375
7 0.4318359375 0.7185546875 0.11015625 0.1025390625
7 0.223095703125 0.51552734375 0.17236328125 0.2380859375
7 0.319921875 0.608642578125 0.128515625 0.16572265625
7 0.255859375 0.6319335937499999 0.0671875 0.09921875
7 0.239501953125 0.6875 0.09404296875 0.148828125
7 0.304296875 0.762060546875 0.169140625 0.19013671875
