3 0.7333984375 0.061962890624999996 0.0595703125 0.05986328125
7 0.622607421875 0.391064453125 0.44365234375 0.62001953125
1 0.816064453125 0.1423828125 0.12177734375 0.151171875
7 0.65078125 0.1068359375 0.1462890625 0.1607421875
7 0.6223632812500001 0.16884765625 0.043359375 0.021484375
1 0.662646484375 0.151611328125 0.03369140625 0.04599609375
0 0.358935546875 0.869384765625 0.18603515625 0.21162109375
1 0.42622070312500004 0.8416015625000001 0.02509765625 0.036328125
5 0.050341796875 0.7001953125 0.10068359375 0.50625
0 0.57900390625 0.732177734375 0.0359375 0.02646484375
