1 0.5279296874999999 0.78046875 0.3197265625 0.2306640625
7 0.295361328125 0.900634765625 0.10849609375 0.19814453125
0 0.139208984375 0.953955078125 0.27841796875 0.09150390625
7 0.37651367187499996 0.34208984375 0.46259765625 0.2427734375
1 0.672265625 0.171240234375 0.217578125 0.26708984375
1 0.8663574218750001 0.26142578125 0.26650390625 0.5228515625
1 0.07705078125 0.10341796875 0.1541015625 0.2068359375
1 0.028955078125 0.21528320312500002 0.05791015625 0.14189453125
0 0.499853515625 0.5208984375000001 0.99970703125 0.2740234375
1 0.7044921875 0.8431640625 0.590234375 0.31328125
