7 0.02841796875 0.56923828125 0.0568359375 0.2853515625
1 0.7892578125 0.48115234375 0.1220703125 0.140234375
1 0.818115234375 0.32866210937499996 0.04736328125 0.16865234375
1 0.801318359375 0.338671875 0.04814453125 0.1607421875
1 0.7392089843749999 0.36030273437500004 0.12529296875 0.16435546875
1 0.6878906250000001 0.505322265625 0.19765625 0.22822265625
1 0.580224609375 0.43784179687499997 0.06279296875 0.05361328125
1 0.67041015625 0.50283203125 0.117578125 0.1359375
7 0.62392578125 0.656298828125 0.2765625 0.43486328125
7 0.123876953125 0.800048828125 0.24775390625 0.39912109375
1 0.341552734375 0.936376953125 0.11806640625 0.05654296875
1 0.381298828125 0.8313476562500001 0.24326171875 0.1779296875
1 0.34404296874999996 0.7577636718749999 0.2912109375 0.10751953125
1 0.499462890625 0.666943359375 0.01884765625 0.15869140625
1 0.326220703125 0.685302734375 0.26513671875 0.08232421875
1 0.43486328125 0.655859375 0.12421875 0.13984375
1 0.5248046875 0.48398437499999997 0.090234375 0.069140625
6 0.69716796875 0.268212890625 0.20234375 0.21826171875
1 0.6659179687500001 0.394140625 0.1498046875 0.1474609375
6 0.659033203125 0.18613281250000002 0.14189453125 0.1970703125
1 0.5419433593749999 0.30058593749999996 0.09873046875 0.243359375
1 0.43740234375000003 0.14580078125 0.1451171875 0.2109375
7 0.406982421875 0.371484375 0.31201171875 0.271484375
7 0.326416015625 0.53837890625 0.33486328125 0.364453125
0 0.384423828125 0.856494140625 0.05556640625 0.10849609375
0 0.76572265625 0.367041015625 0.059765625 0.05029296875
