5 0.456005859375 0.45546875 0.81884765625 0.7203125
4 0.4005859375 0.5974609375000001 0.1322265625 0.0568359375
4 0.451708984375 0.66796875 0.19677734375 0.09765625
4 0.411181640625 0.519091796875 0.03759765625 0.01689453125
4 0.312890625 0.40859375 0.19296875 0.1818359375
4 0.48857421875 0.32080078125 0.0673828125 0.1150390625
4 0.370263671875 0.37739257812500004 0.12763671875 0.17314453125
4 0.47978515625 0.40029296875 0.1244140625 0.115625
4 0.444140625 0.44638671874999997 0.078125 0.144921875
4 0.566796875 0.42563476562499997 0.07578125 0.04619140625
4 0.41279296875 0.60654296875 0.2271484375 0.0994140625
4 0.538916015625 0.345361328125 0.09755859375 0.13212890625
4 0.333154296875 0.532568359375 0.14091796875 0.09853515625
4 0.35390625000000003 0.6407226562499999 0.1232421875 0.0484375
4 0.46357421875000004 0.6818359375 0.186328125 0.0685546875
4 0.392822265625 0.54794921875 0.09580078125 0.0529296875
4 0.736083984375 0.63046875 0.10009765625 0.03515625
5 0.54990234375 0.5302734375 0.2404296875 0.1798828125
3 0.6919921875 0.5933105468750001 0.2919921875 0.15888671875
5 0.07802734375 0.17919921875 0.0708984375 0.0255859375
0 0.1423828125 0.627734375 0.284765625 0.744140625
