7 0.987060546875 0.28330078125 0.02509765625 0.1048828125
0 0.8169921875 0.30654296875000003 0.0744140625 0.06796875
0 0.894140625 0.352783203125 0.0720703125 0.05380859375
0 0.7005859375 0.355810546875 0.0763671875 0.04833984375
0 0.692431640625 0.39873046875 0.05224609375 0.039453125
2 0.745556640625 0.391650390625 0.09423828125 0.06943359375
0 0.6888671875 0.43559570312499996 0.0615234375 0.03544921875
0 0.5970703125 0.41171875 0.11015625 0.0724609375
1 0.623193359375 0.572705078125 0.42158203125 0.31201171875
0 0.532373046875 0.4677734375 0.04892578125 0.0283203125
7 0.49951171875 0.467431640625 0.028125 0.04541015625
7 0.467431640625 0.477783203125 0.03740234375 0.06025390625
6 0.374853515625 0.6014160156249999 0.18486328125 0.13388671875
0 0.443310546875 0.63427734375 0.05458984375 0.06328125
0 0.26103515625 0.582373046875 0.1259765625 0.01591796875
0 0.215576171875 0.641552734375 0.05556640625 0.05732421875
0 0.05625 0.646337890625 0.0291015625 0.05751953125
0 0.349365234375 0.77392578125 0.08564453125 0.0568359375
7 0.592236328125 0.74365234375 0.16005859375 0.0478515625
0 0.733154296875 0.67890625 0.07412109375 0.039453125
0 0.81328125 0.7511230468750001 0.0625 0.06923828125
7 0.84638671875 0.627392578125 0.043359375 0.07666015625
1 0.88662109375 0.59794921875 0.1197265625 0.1111328125
