7 0.19672851562500002 0.157080078125 0.03837890625 0.11083984375
7 0.330322265625 0.176953125 0.28173828125 0.164453125
7 0.58779296875 0.180908203125 0.4169921875 0.36181640625
6 0.299072265625 0.27490234375 0.24501953125 0.2205078125
7 0.096240234375 0.343505859375 0.19248046875 0.68701171875
0 0.321240234375 0.24931640625 0.20068359375 0.091796875
7 0.178759765625 0.450390625 0.35751953125 0.470703125
7 0.894482421875 0.243408203125 0.20966796875 0.26318359375
0 0.41142578124999996 0.588037109375 0.3578125 0.30361328125
1 0.36640625 0.488427734375 0.2314453125 0.04931640625
7 0.50810546875 0.49970703125 0.0810546875 0.05703125
1 0.35849609375 0.50712890625 0.22421875 0.0966796875
7 0.44770507812500004 0.717138671875 0.23408203125 0.15751953125
1 0.257568359375 0.7424804687500001 0.19111328125 0.0900390625
1 0.97275390625 0.7250488281249999 0.05390625 0.03251953125
7 0.770068359375 0.73388671875 0.44150390625 0.4806640625
