1 0.898681640625 0.566552734375 0.20205078125 0.26064453125
1 0.9738281249999999 0.481787109375 0.0515625 0.05732421875
7 0.867919921875 0.8233886718750001 0.26357421875 0.35263671875
0 0.51591796875 0.42465820312499997 0.049609375 0.02236328125
4 0.6271484375 0.40029296875000003 0.0333984375 0.0376953125
3 0.444775390625 0.40634765624999997 0.07998046875 0.074609375
5 0.416845703125 0.35283203125 0.03271484375 0.04140625
4 0.548876953125 0.394677734375 0.14677734375 0.07763671875
5 0.4666015625 0.34687500000000004 0.08203125 0.0919921875
5 0.545751953125 0.31376953124999996 0.10283203125 0.0486328125
0 0.5150390625 0.512890625 0.096875 0.0451171875
4 0.641357421875 0.494677734375 0.05322265625 0.06025390625
5 0.475341796875 0.423828125 0.05654296875 0.012890625
5 0.590576171875 0.35205078125 0.08466796875 0.0791015625
3 0.5482421875 0.4625 0.215625 0.0763671875
5 0.45473632812500003 0.461669921875 0.04501953125 0.04833984375
4 0.6291015625 0.44082031250000003 0.0697265625 0.0552734375
5 0.576220703125 0.43837890625000003 0.07568359375 0.0845703125
5 0.586279296875 0.507177734375 0.06416015625 0.06298828125
