1 0.7213867187499999 0.517626953125 0.1802734375 0.18798828125
7 0.732763671875 0.505078125 0.14814453125 0.1609375
0 0.431494140625 0.7055175781249999 0.42587890625 0.22001953125
1 0.6013671875 0.46787109375 0.448046875 0.480859375
1 0.291015625 0.561376953125 0.510546875 0.47392578125
0 0.46328125000000003 0.727490234375 0.034375 0.05361328125
1 0.37167968749999997 0.463134765625 0.234765625 0.12275390625
1 0.360791015625 0.467431640625 0.23681640625 0.12626953125
1 0.345361328125 0.49233398437500003 0.24306640625 0.16513671875
5 0.276611328125 0.549951171875 0.21396484375 0.19072265625
0 0.195947265625 0.491552734375 0.32373046875 0.20185546875
