7 0.52734375 0.508544921875 0.21796875 0.22841796875
7 0.471875 0.28559570312500004 0.05625 0.02509765625
7 0.540185546875 0.309912109375 0.05791015625 0.05830078125
7 0.487646484375 0.523779296875 0.17431640625 0.48310546875
7 0.35283203125 0.51181640625 0.148828125 0.3271484375
7 0.3998046875 0.342041015625 0.066796875 0.05849609375
7 0.4341796875 0.578955078125 0.0806640625 0.07763671875
7 0.40629882812499996 0.5806152343750001 0.10087890625 0.07587890625
7 0.534326171875 0.40576171875 0.37958984375 0.2103515625
7 0.575439453125 0.449072265625 0.36181640625 0.24130859375
