1 0.539404296875 0.3263671875 0.02626953125 0.0185546875
1 0.6755859375 0.24570312500000002 0.27578125 0.342578125
1 0.6775878906249999 0.330810546875 0.06650390625 0.03935546875
1 0.6353027343750001 0.3498046875 0.07412109375 0.0310546875
1 0.185498046875 0.712109375 0.22822265625 0.25625
1 0.173876953125 0.584521484375 0.19990234375 0.26552734375
1 0.25771484375 0.491552734375 0.2673828125 0.16767578125
1 0.59599609375 0.699609375 0.75 0.4427734375
1 0.489892578125 0.562548828125 0.56865234375 0.29169921875
1 0.555126953125 0.51650390625 0.36083984375 0.1236328125
1 0.55576171875 0.442431640625 0.3337890625 0.13427734375
1 0.659228515625 0.447216796875 0.32783203125 0.11806640625
1 0.66669921875 0.429052734375 0.4826171875 0.14716796875
1 0.672802734375 0.40859375 0.50126953125 0.13984375
1 0.5841796875 0.377490234375 0.3658203125 0.10810546875
1 0.6270019531250001 0.105859375 0.16767578125 0.174609375
1 0.666845703125 0.18505859375 0.08955078125 0.0400390625
1 0.60107421875 0.177978515625 0.039453125 0.07412109375
1 0.666748046875 0.23740234375000002 0.09248046875 0.0892578125
1 0.597412109375 0.21318359375 0.06494140625 0.0638671875
1 0.58701171875 0.262939453125 0.075390625 0.04697265625
1 0.6166015625 0.28623046874999997 0.1939453125 0.069140625
1 0.609716796875 0.32490234375 0.12275390625 0.03203125
0 0.2662109375 0.8327148437499999 0.054296875 0.049609375
6 0.0486328125 0.843115234375 0.097265625 0.25361328125
6 0.06831054687499999 0.9806152343750001 0.06376953125 0.03798828125
