1 0.0376953125 0.58876953125 0.075390625 0.1533203125
1 0.32109374999999996 0.195947265625 0.31484375 0.11162109375
6 0.376171875 0.745458984375 0.5267578125 0.33759765625
0 0.35595703125 0.23291015625 0.194140625 0.03671875
0 0.34111328124999996 0.22705078125 0.073046875 0.0126953125
6 0.2986328125 0.503515625 0.2771484375 0.128515625
6 0.562646484375 0.45834960937499997 0.40576171875 0.18251953125
6 0.325537109375 0.47890625 0.18486328125 0.1130859375
7 0.232861328125 0.3505859375 0.32412109375 0.2517578125
1 0.14902343750000002 0.3056640625 0.1703125 0.1267578125
1 0.201025390625 0.2681640625 0.03701171875 0.060546875
7 0.193310546875 0.277685546875 0.06845703125 0.10986328125
1 0.17314453125 0.276708984375 0.1068359375 0.15849609375
1 0.165625 0.23935546875 0.0634765625 0.058984375
6 0.58759765625 0.39111328125 0.4318359375 0.1810546875
6 0.5765625 0.312109375 0.4513671875 0.2076171875
1 0.14140625 0.310693359375 0.1359375 0.15009765625
0 0.06416015625 0.45908203125 0.1283203125 0.4291015625
