1 0.683740234375 0.647509765625 0.39033203125 0.31416015625
1 0.7540039062499999 0.668310546875 0.2232421875 0.15009765625
1 0.740625 0.7118164062500001 0.1111328125 0.0638671875
1 0.6533203125 0.726318359375 0.03671875 0.01884765625
1 0.6097656250000001 0.71826171875 0.070703125 0.0615234375
1 0.5423828125 0.665234375 0.121484375 0.0638671875
1 0.616259765625 0.673974609375 0.18779296875 0.09521484375
1 0.62998046875 0.657861328125 0.1369140625 0.08232421875
1 0.759033203125 0.6595703125 0.12626953125 0.103515625
2 0.88212890625 0.559033203125 0.0525390625 0.09228515625
1 0.841552734375 0.5010253906250001 0.13447265625 0.24208984375
1 0.620849609375 0.623828125 0.06005859375 0.038671875
1 0.8510253906249999 0.48183593750000003 0.05576171875 0.18515625
1 0.7323730468749999 0.61953125 0.20927734375 0.1412109375
1 0.7208984374999999 0.6744140625 0.065234375 0.060546875
1 0.77607421875 0.5709472656250001 0.0541015625 0.03408203125
1 0.69755859375 0.607861328125 0.116796875 0.08271484375
1 0.654248046875 0.458349609375 0.51533203125 0.37431640625
1 0.662744140625 0.45830078125 0.10966796875 0.109765625
1 0.7455078125 0.274462890625 0.2048828125 0.24541015625
7 0.81337890625 0.23994140625 0.03203125 0.0658203125
1 0.82802734375 0.4052734375 0.0513671875 0.0505859375
0 0.210302734375 0.39750976562499996 0.26044921875 0.18388671875
1 0.28994140625 0.58466796875 0.404296875 0.54765625
1 0.328515625 0.445263671875 0.1064453125 0.08701171875
1 0.1970703125 0.5206542968750001 0.2115234375 0.29599609375
1 0.19716796874999998 0.6592285156250001 0.06796875 0.05849609375
1 0.30703125 0.54580078125 0.189453125 0.1927734375
