1 0.57353515625 0.51044921875 0.64609375 0.4017578125
1 0.514501953125 0.46376953125 0.47001953125 0.2509765625
1 0.44775390625 0.5283203125 0.4560546875 0.3072265625
1 0.611767578125 0.502294921875 0.32119140625 0.22021484375
1 0.4775390625 0.49853515625 0.265625 0.0625
1 0.6877929687500001 0.365869140625 0.0560546875 0.19873046875
1 0.5147949218750001 0.37416992187500003 0.36630859375 0.21396484375
1 0.48813476562499997 0.36162109375 0.36611328125 0.2080078125
7 0.11396484375 0.31391601562500004 0.2279296875 0.36337890625
3 0.110498046875 0.519970703125 0.22099609375 0.25498046875
7 0.19072265625 0.80146484375 0.3814453125 0.396484375
