7 0.020654296875 0.2642578125 0.04130859375 0.07265625
1 0.0494140625 0.49619140625 0.098828125 0.116796875
5 0.073779296875 0.315966796875 0.05224609375 0.02236328125
1 0.181201171875 0.38925781249999997 0.08798828125 0.1341796875
1 0.721044921875 0.273876953125 0.03408203125 0.03642578125
5 0.051416015625 0.288818359375 0.07177734375 0.05927734375
5 0.11044921875 0.293310546875 0.09921875 0.08603515625
1 0.0875 0.403076171875 0.112109375 0.15576171875
2 0.5625 0.29267578125 0.0568359375 0.1662109375
1 0.28056640624999996 0.413330078125 0.1583984375 0.09697265625
9 0.22431640625 0.604296875 0.4017578125 0.3181640625
1 0.044482421875 0.77890625 0.08896484375 0.1103515625
1 0.413037109375 0.7724609375 0.17587890625 0.1287109375
1 0.34770507812499996 0.790869140625 0.23115234375 0.05205078125
1 0.3404296875 0.783203125 0.206640625 0.038671875
1 0.32939453125 0.766357421875 0.1064453125 0.05107421875
1 0.606689453125 0.7404296875 0.26689453125 0.1193359375
1 0.79130859375 0.376513671875 0.1130859375 0.22470703125
1 0.639208984375 0.43710937499999997 0.19638671875 0.1048828125
1 0.430419921875 0.428466796875 0.22451171875 0.11826171875
1 0.597216796875 0.5896484375 0.35048828125 0.269140625
1 0.472900390625 0.50673828125 0.19443359375 0.27578125
1 0.65869140625 0.344140625 0.1765625 0.1064453125
1 0.444091796875 0.32822265625 0.20439453125 0.12578125
1 0.26337890625 0.35102539062500004 0.10546875 0.03095703125
1 0.6466796875 0.23154296875 0.1484375 0.0890625
1 0.657861328125 0.27626953125 0.13193359375 0.0322265625
1 0.6770507812500001 0.85537109375 0.17890625 0.194921875
1 0.47685546875 0.867041015625 0.1884765625 0.14736328125
1 0.40810546875 0.7068847656249999 0.2685546875 0.16220703125
1 0.01884765625 0.7046875 0.0376953125 0.1123046875
1 0.160400390625 0.81494140625 0.14814453125 0.06796875
1 0.22685546875 0.789111328125 0.058203125 0.03251953125
1 0.256103515625 0.36982421875 0.06318359375 0.0357421875
1 0.313134765625 0.364453125 0.05419921875 0.01015625
1 0.45322265625 0.2380859375 0.1875 0.0689453125
1 0.660498046875 0.25185546875 0.09619140625 0.0359375
2 0.79111328125 0.31572265625 0.0763671875 0.055078125
1 0.7678710937500001 0.306005859375 0.0443359375 0.06396484375
5 0.016357421875 0.39404296875 0.03271484375 0.112890625
5 0.016357421875 0.593310546875 0.03271484375 0.08056640625
1 0.24423828125 0.3201171875 0.25234375 0.101953125
