1 0.3373046875 0.7374023437499999 0.2158203125 0.3736328125
1 0.42656249999999996 0.684375 0.1755859375 0.23515625
1 0.5623046875 0.44228515625 0.2857421875 0.41171875
1 0.60615234375 0.323291015625 0.215234375 0.34228515625
1 0.49404296875000003 0.416650390625 0.01484375 0.04033203125
1 0.464697265625 0.290478515625 0.06025390625 0.34619140625
1 0.57548828125 0.403759765625 0.1306640625 0.17724609375
1 0.585107421875 0.390380859375 0.18056640625 0.20927734375
1 0.6818359374999999 0.226123046875 0.04765625 0.17587890625
1 0.63701171875 0.28720703124999997 0.017578125 0.0453125
1 0.681640625 0.263671875 0.0736328125 0.098828125
1 0.658935546875 0.230029296875 0.07685546875 0.11611328125
1 0.6359374999999999 0.22451171875 0.0396484375 0.0939453125
1 0.6297851562500001 0.187939453125 0.0423828125 0.01748046875
1 0.619873046875 0.18964843750000002 0.04189453125 0.0142578125
1 0.629736328125 0.227197265625 0.07392578125 0.06083984375
1 0.6080566406250001 0.234619140625 0.03994140625 0.07568359375
1 0.603759765625 0.24091796875 0.03544921875 0.0849609375
1 0.630322265625 0.288623046875 0.01416015625 0.05087890625
1 0.75927734375 0.442431640625 0.1580078125 0.28701171875
1 0.58720703125 0.245849609375 0.019140625 0.09619140625
1 0.5810546875 0.260400390625 0.0322265625 0.08896484375
1 0.558203125 0.220361328125 0.0349609375 0.16435546875
1 0.540087890625 0.225146484375 0.01708984375 0.14677734375
1 0.528857421875 0.208935546875 0.02451171875 0.17919921875
