1 0.46562499999999996 0.6028320312500001 0.0359375 0.023828125
1 0.46728515625 0.69248046875 0.17265625 0.1765625
0 0.46567382812499997 0.706689453125 0.09892578125 0.04033203125
1 0.140087890625 0.550244140625 0.19638671875 0.25068359375
1 0.26591796874999996 0.527978515625 0.231640625 0.36279296875
1 0.09941406250000001 0.46464843749999996 0.07734375 0.0515625
1 0.08505859375 0.48212890625 0.08828125 0.04765625
1 0.09365234375 0.518310546875 0.081640625 0.03935546875
0 0.14013671875 0.6055175781250001 0.11953125 0.14150390625
1 0.136181640625 0.51142578125 0.04267578125 0.0697265625
1 0.268115234375 0.462646484375 0.15576171875 0.25263671875
1 0.23701171875 0.45585937499999996 0.1763671875 0.180859375
1 0.431689453125 0.436328125 0.27060546875 0.3779296875
0 0.4404296875 0.41396484375 0.226171875 0.3736328125
1 0.219970703125 0.42216796875 0.18154296875 0.2337890625
1 0.693310546875 0.684228515625 0.44912109375 0.57607421875
0 0.68447265625 0.723876953125 0.1884765625 0.36904296875
0 0.219482421875 0.387255859375 0.14384765625 0.09326171875
