1 0.620703125 0.6255371093750001 0.31015625 0.10419921875
1 0.7508789062500001 0.452783203125 0.3138671875 0.25517578125
1 0.7296874999999999 0.456396484375 0.194140625 0.07490234375
1 0.805419921875 0.51337890625 0.05986328125 0.0228515625
1 0.672607421875 0.5020019531250001 0.09189453125 0.05458984375
2 0.732666015625 0.481884765625 0.13857421875 0.08330078125
7 0.38969726562499996 0.45869140625 0.51357421875 0.3197265625
1 0.25029296875 0.710498046875 0.394140625 0.22001953125
1 0.162353515625 0.472802734375 0.32470703125 0.07958984375
1 0.203857421875 0.6361328125 0.40771484375 0.279296875
1 0.141015625 0.6154296875 0.28203125 0.1525390625
0 0.34111328125 0.632470703125 0.0400390625 0.06396484375
0 0.101513671875 0.866650390625 0.20302734375 0.26611328125
7 0.6683593750000001 0.931298828125 0.02578125 0.04716796875
0 0.45205078125 0.368505859375 0.0859375 0.04658203125
