7 0.923486328125 0.421142578125 0.15244140625 0.75791015625
0 0.107958984375 0.51015625 0.21591796875 0.8244140625
7 0.44033203125000003 0.805810546875 0.077734375 0.04169921875
7 0.941748046875 0.747705078125 0.11572265625 0.08330078125
7 0.923486328125 0.62216796875 0.15244140625 0.24921875
7 0.54814453125 0.42099609375 0.903125 0.8419921875
6 0.60380859375 0.5353515625 0.2962890625 0.1361328125
6 0.55654296875 0.5353515625 0.1765625 0.0994140625
6 0.361572265625 0.5497070312500001 0.18349609375 0.0697265625
6 0.421630859375 0.511181640625 0.15810546875 0.09521484375
6 0.752197265625 0.6747558593749999 0.12998046875 0.25029296875
6 0.592236328125 0.7421875 0.24208984375 0.1689453125
6 0.44423828125000003 0.7494140625 0.163671875 0.0642578125
6 0.260546875 0.69404296875 0.1197265625 0.109375
6 0.418994140625 0.51748046875 0.13291015625 0.0865234375
6 0.48134765625 0.782373046875 0.2099609375 0.05185546875
6 0.42626953125 0.650146484375 0.27578125 0.22841796875
6 0.65400390625 0.6097167968749999 0.3224609375 0.20712890625
6 0.70400390625 0.6295898437499999 0.123046875 0.1138671875
6 0.34506835937499997 0.7069824218749999 0.06181640625 0.05185546875
7 0.9554687500000001 0.4779296875 0.08828125 0.174609375
