0 0.842431640625 0.6795898437500001 0.17294921875 0.055078125
7 0.8029296875 0.6445800781250001 0.0443359375 0.04072265625
7 0.694482421875 0.54638671875 0.37041015625 0.3208984375
7 0.401123046875 0.44736328125 0.18779296875 0.069921875
7 0.277490234375 0.6887695312500001 0.33466796875 0.1791015625
7 0.420263671875 0.530810546875 0.21689453125 0.18603515625
7 0.26455078125 0.6602050781250001 0.148828125 0.07685546875
7 0.054736328125 0.5345703125 0.10947265625 0.4337890625
7 0.2013671875 0.507177734375 0.260546875 0.31845703125
0 0.18369140625 0.43540039062499997 0.185546875 0.09794921875
0 0.6765625000000001 0.385986328125 0.032421875 0.05380859375
0 0.6846679687499999 0.41655273437499996 0.0591796875 0.03642578125
0 0.65439453125 0.42744140625 0.032421875 0.050390625
1 0.617919921875 0.425537109375 0.06181640625 0.04658203125
0 0.745849609375 0.497119140625 0.07900390625 0.08603515625
7 0.8103515625000001 0.51240234375 0.0744140625 0.0634765625
