1 0.98134765625 0.6671875 0.03671875 0.0412109375
6 0.9596191406250001 0.804638671875 0.07998046875 0.04931640625
5 0.9738281249999999 0.25048828125 0.0515625 0.1462890625
1 0.78603515625 0.20444335937500002 0.1236328125 0.14658203125
1 0.884619140625 0.38330078125 0.23017578125 0.21953125
7 0.7900390625 0.56337890625 0.4193359375 0.2462890625
1 0.750146484375 0.16484375 0.05986328125 0.044921875
1 0.77998046875 0.22919921875 0.0810546875 0.0908203125
7 0.527587890625 0.1623046875 0.62470703125 0.153515625
7 0.590771484375 0.257958984375 0.72255859375 0.40576171875
7 0.470751953125 0.5064453125 0.50361328125 0.3521484375
6 0.69873046875 0.71845703125 0.3439453125 0.246484375
0 0.7185546875 0.71826171875 0.342578125 0.1359375
