5 0.0990234375 0.576904296875 0.198046875 0.45283203125
5 0.091259765625 0.392236328125 0.18251953125 0.78447265625
5 0.434521484375 0.491552734375 0.86904296875 0.68349609375
4 0.31596679687499996 0.286669921875 0.12861328125 0.15869140625
4 0.45390625 0.292626953125 0.103515625 0.15673828125
4 0.569482421875 0.29921875 0.11572265625 0.158984375
4 0.6985351562500001 0.3015625 0.1173828125 0.1626953125
4 0.304052734375 0.368994140625 0.13525390625 0.15654296875
4 0.43125 0.37646484375 0.118359375 0.1572265625
4 0.55703125 0.382080078125 0.112109375 0.16044921875
4 0.689306640625 0.391748046875 0.12333984375 0.15751953125
4 0.27548828125 0.46455078125 0.1435546875 0.1478515625
4 0.413720703125 0.474072265625 0.12763671875 0.14462890625
4 0.547314453125 0.4849609375 0.12041015625 0.1470703125
4 0.6815429687500001 0.48481445312500004 0.1283203125 0.15009765625
4 0.23662109375 0.5737792968750001 0.1703125 0.13564453125
4 0.389404296875 0.581396484375 0.14189453125 0.14091796875
4 0.530029296875 0.59443359375 0.12958984375 0.13984375
4 0.6784179687499999 0.604541015625 0.1412109375 0.14111328125
4 0.672412109375 0.72109375 0.14384765625 0.107421875
4 0.51767578125 0.707568359375 0.1412109375 0.11357421875
4 0.1962890625 0.68515625 0.189453125 0.1103515625
4 0.3603515625 0.70126953125 0.159765625 0.1048828125
