2 0.944140625 0.265234375 0.1111328125 0.1341796875
7 0.7988769531250001 0.201123046875 0.40009765625 0.18251953125
7 0.857763671875 0.7493652343749999 0.28369140625 0.41591796875
5 0.7982421875000001 0.958251953125 0.066796875 0.08310546875
7 0.47041015625000004 0.8484375 0.7443359375 0.3025390625
7 0.7726074218750001 0.522705078125 0.45400390625 0.47099609375
5 0.7960937499999999 0.51376953125 0.40703125 0.612890625
0 0.4587890625 0.23671875 0.12265625 0.050390625
7 0.07060546875 0.18837890625 0.1412109375 0.205078125
7 0.121044921875 0.470654296875 0.24208984375 0.46259765625
7 0.30859375 0.30234375 0.364453125 0.2435546875
7 0.1734375 0.770849609375 0.346875 0.35419921875
1 0.6453125 0.32705078125 0.0849609375 0.15703125
5 0.286083984375 0.4423828125 0.22822265625 0.289453125
0 0.173583984375 0.5895019531250001 0.12763671875 0.08681640625
5 0.515576171875 0.46630859375 0.22021484375 0.3134765625
5 0.56494140625 0.550830078125 0.3673828125 0.36455078125
0 0.2939453125 0.792138671875 0.1818359375 0.19345703125
5 0.325732421875 0.564990234375 0.29228515625 0.41318359375
5 0.0603515625 0.857177734375 0.120703125 0.18798828125
5 0.151318359375 0.84970703125 0.11669921875 0.121484375
5 0.151611328125 0.8123046875 0.09560546875 0.0486328125
5 0.1533203125 0.7765625 0.0830078125 0.0580078125
5 0.05869140625 0.7833496093750001 0.1173828125 0.07119140625
5 0.6888671875 0.6265625 0.416015625 0.3970703125
7 0.7991210937500001 0.7841308593749999 0.055859375 0.03251953125
7 0.91240234375 0.87470703125 0.174609375 0.25
