7 0.550634765625 0.371337890625 0.89814453125 0.64091796875
0 0.49326171875 0.969580078125 0.1841796875 0.06025390625
5 0.9157226562499999 0.60029296875 0.09921875 0.1048828125
5 0.27451171875 0.21142578125 0.3439453125 0.2701171875
5 0.16142578125 0.336083984375 0.140234375 0.18056640625
5 0.290380859375 0.232421875 0.15146484375 0.143359375
7 0.49741210937499997 0.84169921875 0.89091796875 0.0966796875
5 0.395458984375 0.1798828125 0.21494140625 0.1177734375
7 0.558984375 0.3365234375 0.88125 0.4900390625
5 0.691162109375 0.6583984375 0.41533203125 0.3271484375
0 0.7271484375 0.43017578125 0.1732421875 0.1103515625
5 0.37216796875 0.51796875 0.5677734375 0.4501953125
0 0.850830078125 0.362255859375 0.18388671875 0.11728515625
2 0.8908203124999999 0.949365234375 0.217578125 0.10068359375
2 0.69658203125 0.960107421875 0.3072265625 0.07939453125
7 0.499853515625 0.903076171875 0.99970703125 0.19345703125
