1 0.3072265625 0.84091796875 0.484765625 0.2279296875
1 0.30263671875 0.826025390625 0.480859375 0.24677734375
1 0.10517578125 0.6849609375 0.1283203125 0.0396484375
1 0.26904296875 0.645458984375 0.1392578125 0.04931640625
1 0.262548828125 0.62919921875 0.11240234375 0.0376953125
1 0.38129882812500004 0.7211425781249999 0.14677734375 0.16044921875
1 0.255419921875 0.829345703125 0.28076171875 0.18603515625
1 0.30693359375 0.7286621093750001 0.1197265625 0.14833984375
1 0.270458984375 0.717138671875 0.10048828125 0.12275390625
1 0.24257812499999998 0.73466796875 0.168359375 0.1626953125
1 0.23432617187500002 0.759228515625 0.07841796875 0.08681640625
1 0.20087890625 0.7673828125 0.1412109375 0.16171875
2 0.360791015625 0.669482421875 0.05029296875 0.02451171875
5 0.8142578125000001 0.742578125 0.1947265625 0.09375
5 0.8206054687500001 0.6757324218749999 0.2013671875 0.09599609375
5 0.825439453125 0.60751953125 0.20771484375 0.0955078125
5 0.83017578125 0.538330078125 0.211328125 0.09052734375
5 0.83447265625 0.465771484375 0.21796875 0.08681640625
5 0.8439453125 0.39013671875 0.2189453125 0.0837890625
5 0.8525390625 0.30869140625 0.2228515625 0.0845703125
5 0.85966796875 0.224072265625 0.2251953125 0.09248046875
5 0.80009765625 0.136767578125 0.37265625 0.10341796875
5 0.585498046875 0.767626953125 0.28271484375 0.13291015625
5 0.56513671875 0.686962890625 0.3287109375 0.15224609375
5 0.56435546875 0.617529296875 0.3330078125 0.14033203125
5 0.564697265625 0.546142578125 0.33896484375 0.12744140625
5 0.56513671875 0.471630859375 0.34453125 0.11630859375
5 0.568994140625 0.392578125 0.35615234375 0.1056640625
5 0.572607421875 0.308740234375 0.36337890625 0.09521484375
5 0.573095703125 0.21337890625 0.37236328125 0.10390625
