1 0.46171875 0.81533203125 0.076171875 0.0419921875
7 0.69580078125 0.66943359375 0.460546875 0.6603515625
1 0.077392578125 0.537646484375 0.15478515625 0.25263671875
1 0.314013671875 0.566796875 0.45341796875 0.4900390625
1 0.307275390625 0.6552734375 0.09521484375 0.0453125
1 0.36494140625 0.6549804687499999 0.0458984375 0.0486328125
1 0.43681640625 0.653125 0.123046875 0.0634765625
1 0.458447265625 0.581298828125 0.04189453125 0.07998046875
1 0.27792968749999997 0.47216796875 0.0662109375 0.019140625
1 0.2333984375 0.5107421875 0.117578125 0.11875
1 0.4330078125 0.48198242187499996 0.1662109375 0.12666015625
1 0.4927734375 0.53603515625 0.0451171875 0.2705078125
1 0.208544921875 0.6168945312499999 0.08974609375 0.1140625
1 0.351416015625 0.5203125 0.17412109375 0.0830078125
1 0.37861328125000004 0.5978515625 0.1912109375 0.083984375
1 0.266552734375 0.57919921875 0.08857421875 0.1947265625
