1 0.925927734375 0.1306640625 0.10986328125 0.0873046875
1 0.939599609375 0.093798828125 0.03095703125 0.04599609375
1 0.920166015625 0.134765625 0.10322265625 0.038671875
7 0.972998046875 0.623046875 0.05361328125 0.1455078125
7 0.926171875 0.516650390625 0.1470703125 0.15439453125
7 0.128076171875 0.72705078125 0.25615234375 0.46328125
7 0.630224609375 0.7013671875 0.29814453125 0.424609375
7 0.36044921875 0.7658203124999999 0.298828125 0.467578125
7 0.46494140625 0.36098632812500003 0.3732421875 0.52216796875
7 0.926806640625 0.397216796875 0.14580078125 0.20771484375
7 0.927783203125 0.24853515625 0.14384765625 0.228515625
1 0.9087402343750001 0.11210937500000001 0.07685546875 0.0271484375
