1 0.47109375 0.5662109375 0.4388671875 0.4603515625
1 0.606689453125 0.423193359375 0.17958984375 0.34150390625
1 0.35366210937500003 0.38603515625 0.10615234375 0.2333984375
1 0.38803710937499997 0.31552734375 0.05849609375 0.1240234375
1 0.346923828125 0.44589843749999997 0.04501953125 0.1140625
1 0.41689453125 0.339697265625 0.1306640625 0.18232421875
1 0.430078125 0.31049804687500004 0.073046875 0.14384765625
1 0.51767578125 0.300244140625 0.19609375 0.17978515625
1 0.4837890625 0.28310546875 0.0390625 0.07265625
7 0.495556640625 0.404931640625 0.32705078125 0.34052734375
1 0.5164062500000001 0.390380859375 0.21328125 0.17216796875
