6 0.597216796875 0.5912109375 0.50263671875 0.2326171875
1 0.967626953125 0.8068359375 0.04033203125 0.0560546875
5 0.9233886718750001 0.435595703125 0.12001953125 0.06220703125
1 0.912548828125 0.667431640625 0.17431640625 0.10712890625
1 0.943896484375 0.6166015625000001 0.11142578125 0.117578125
7 0.8478515624999999 0.45556640625 0.0357421875 0.0302734375
7 0.930908203125 0.4716796875 0.13759765625 0.106640625
6 0.476708984375 0.601416015625 0.62001953125 0.24404296875
1 0.8520019531249999 0.542724609375 0.21396484375 0.16142578125
6 0.547119140625 0.39399414062500004 0.63857421875 0.22294921875
5 0.77099609375 0.57578125 0.0419921875 0.03046875
1 0.49555664062500004 0.435546875 0.56845703125 0.28671875
6 0.494384765625 0.472021484375 0.51259765625 0.30009765625
0 0.99052734375 0.812109375 0.0181640625 0.190234375
1 0.209521484375 0.504150390625 0.07900390625 0.05849609375
5 0.849072265625 0.784814453125 0.27548828125 0.18974609375
0 0.65771484375 0.754052734375 0.1025390625 0.06474609375
0 0.9601074218750001 0.54091796875 0.07900390625 0.038671875
7 0.8317382812499999 0.6517578125000001 0.0767578125 0.1185546875
3 0.6929199218750001 0.79189453125 0.03798828125 0.0451171875
7 0.92109375 0.8230468750000001 0.0453125 0.0384765625
0 0.5808593750000001 0.45473632812500003 0.12734375 0.30185546875
0 0.352392578125 0.492919921875 0.19677734375 0.25419921875
0 0.959033203125 0.598486328125 0.08134765625 0.07587890625
0 0.98515625 0.6220703125 0.0291015625 0.0615234375
0 0.8878906249999999 0.6146484375 0.05625 0.03046875
0 0.690771484375 0.74169921875 0.06279296875 0.0349609375
