1 0.476318359375 0.477392578125 0.84404296875 0.74970703125
4 0.312158203125 0.39731445312499997 0.16943359375 0.15908203125
4 0.3005859375 0.526171875 0.15078125 0.1349609375
4 0.395751953125 0.5228515625 0.13916015625 0.1216796875
4 0.41357421875 0.396630859375 0.1505859375 0.16630859375
4 0.516552734375 0.38173828125 0.15751953125 0.1669921875
4 0.502978515625 0.50947265625 0.13740234375 0.1306640625
4 0.62080078125 0.36953125 0.15078125 0.1775390625
4 0.6984374999999999 0.35371093750000004 0.0982421875 0.1583984375
4 0.701513671875 0.48696289062500003 0.09150390625 0.13388671875
4 0.6139160156250001 0.49599609375 0.13466796875 0.135546875
