7 0.48505859375 0.4689453125 0.0751953125 0.2103515625
6 0.463427734375 0.63505859375 0.12275390625 0.24375
1 0.40224609375 0.50693359375 0.1830078125 0.1818359375
7 0.523681640625 0.8458496093750001 0.30576171875 0.30751953125
7 0.5744140624999999 0.2361328125 0.132421875 0.1931640625
7 0.6160644531249999 0.51328125 0.22470703125 0.4431640625
1 0.696533203125 0.40537109375 0.14658203125 0.6884765625
0 0.642822265625 0.18422851562499998 0.11552734375 0.13095703125
1 0.25166015625 0.378369140625 0.06328125 0.09990234375
7 0.30830078125 0.34687500000000004 0.1185546875 0.1369140625
1 0.35458984375 0.42724609375 0.21953125 0.18984375
1 0.7392089843749999 0.54296875 0.16142578125 0.5119140625
1 0.784912109375 0.41650390625 0.25146484375 0.8005859375
1 0.38740234375000004 0.51904296875 0.13984375 0.137890625
