1 0.60888671875 0.1615234375 0.3396484375 0.143359375
0 0.273095703125 0.20771484375 0.13115234375 0.0861328125
1 0.967236328125 0.17548828125 0.06494140625 0.0677734375
1 0.093896484375 0.20644531249999998 0.13759765625 0.11171875
6 0.324169921875 0.39809570312500003 0.16767578125 0.16318359375
6 0.25634765625 0.35380859375 0.27109375 0.06953125
0 0.248193359375 0.33505859374999997 0.18505859375 0.030078125
0 0.22958984375 0.4205078125 0.231640625 0.1171875
6 0.235107421875 0.424169921875 0.35107421875 0.09287109375
7 0.63701171875 0.45078125 0.621484375 0.454296875
0 0.44794921875 0.7101562499999999 0.2841796875 0.342578125
0 0.854541015625 0.30771484375 0.29013671875 0.2298828125
