6 0.43994140625 0.5453613281249999 0.3263671875 0.19248046875
1 0.592578125 0.7388671874999999 0.3763671875 0.3169921875
1 0.2087890625 0.6248046875 0.4169921875 0.3310546875
1 0.09326171875 0.2875 0.131640625 0.1220703125
1 0.26054687499999996 0.38564453125 0.3783203125 0.2455078125
6 0.05966796875 0.442431640625 0.0419921875 0.04013671875
6 0.0279296875 0.490673828125 0.055859375 0.09794921875
7 0.060693359375 0.83984375 0.12138671875 0.048828125
0 0.301220703125 0.310546875 0.08798828125 0.0412109375
0 0.28271484375 0.37412109375 0.1931640625 0.15546875
0 0.17661132812500002 0.430078125 0.04892578125 0.0828125
0 0.533837890625 0.679443359375 0.10478515625 0.06279296875
0 0.502685546875 0.511376953125 0.07275390625 0.03173828125
