7 0.407470703125 0.750830078125 0.30361328125 0.17431640625
1 0.240234375 0.24580078125 0.0810546875 0.09921875
1 0.259912109375 0.3314453125 0.08994140625 0.1267578125
7 0.18896484375 0.164208984375 0.0625 0.15576171875
5 0.421337890625 0.5977539062499999 0.09658203125 0.0669921875
7 0.338232421875 0.565869140625 0.18779296875 0.13173828125
6 0.583837890625 0.561181640625 0.23251953125 0.15751953125
7 0.57626953125 0.54833984375 0.12734375 0.0798828125
7 0.56337890625 0.55791015625 0.0982421875 0.0439453125
1 0.446044921875 0.45156250000000003 0.39482421875 0.2388671875
1 0.4287109375 0.494482421875 0.15703125 0.12744140625
1 0.44853515624999996 0.41616210937500003 0.198046875 0.07294921875
5 0.35927734375 0.462939453125 0.028125 0.04736328125
1 0.38564453125 0.4029296875 0.0681640625 0.0568359375
1 0.47880859375 0.38251953125 0.1322265625 0.0865234375
1 0.50693359375 0.47182617187500003 0.1177734375 0.05478515625
0 0.5148437499999999 0.483251953125 0.09921875 0.05576171875
