7 0.5602539062499999 0.19150390625 0.0515625 0.032421875
7 0.6708984375 0.24394531249999998 0.2599609375 0.4474609375
7 0.195458984375 0.61689453125 0.21083984375 0.26953125
7 0.334423828125 0.35546875 0.13369140625 0.1951171875
7 0.26201171875 0.44921875 0.096484375 0.1498046875
7 0.40410156249999996 0.783056640625 0.309765625 0.25263671875
7 0.504736328125 0.24672851562499998 0.07783203125 0.11904296875
7 0.6091796875 0.563330078125 0.273828125 0.25498046875
7 0.406005859375 0.36455078125 0.14384765625 0.1484375
7 0.5280273437499999 0.327880859375 0.16171875 0.26884765625
7 0.37714843750000004 0.541845703125 0.25078125 0.27021484375
