9 0.865771484375 0.7843261718750001 0.22607421875 0.26962890625
9 0.76455078125 0.78740234375 0.21171875 0.284765625
9 0.611474609375 0.794482421875 0.20341796875 0.32841796875
9 0.461376953125 0.79345703125 0.15927734375 0.3125
9 0.159423828125 0.7755371093750001 0.19267578125 0.30185546875
9 0.29106445312499996 0.78515625 0.17646484375 0.3087890625
9 0.899462890625 0.46689453125 0.14951171875 0.1837890625
9 0.7607421875 0.46279296875 0.1611328125 0.1837890625
9 0.607861328125 0.459716796875 0.17529296875 0.18173828125
9 0.461083984375 0.44179687500000003 0.12626953125 0.2095703125
9 0.162890625 0.4380859375 0.13515625 0.1923828125
9 0.293310546875 0.4419921875 0.18408203125 0.196875
9 0.882958984375 0.16240234375 0.12744140625 0.1123046875
9 0.746484375 0.13828125000000002 0.1486328125 0.125390625
