7 0.22138671875 0.3466796875 0.10390625 0.198046875
7 0.43837890625 0.24326171875 0.111328125 0.153125
7 0.43608398437499996 0.30419921875 0.06669921875 0.07734375
7 0.54228515625 0.26953125 0.140625 0.13359375
7 0.49697265625000003 0.41826171874999996 0.132421875 0.2400390625
7 0.60224609375 0.332666015625 0.12421875 0.08134765625
7 0.616845703125 0.539697265625 0.24306640625 0.39677734375
7 0.433056640625 0.5408203125 0.31943359375 0.4513671875
7 0.7302734375000001 0.28388671875000004 0.1654296875 0.3296875
7 0.241455078125 0.527978515625 0.14208984375 0.21064453125
7 0.264306640625 0.7337890625000001 0.24677734375 0.4623046875
7 0.332666015625 0.25043945312500004 0.20361328125 0.29990234375
7 0.1748046875 0.29692382812499996 0.0322265625 0.04033203125
7 0.206982421875 0.300146484375 0.02802734375 0.05126953125
