7 0.275830078125 0.42426757812500004 0.05361328125 0.16728515625
7 0.421142578125 0.61494140625 0.25595703125 0.430859375
7 0.364990234375 0.29609375000000004 0.21650390625 0.3025390625
7 0.77158203125 0.796630859375 0.090234375 0.16337890625
7 0.6583496093750001 0.738525390625 0.22841796875 0.40439453125
7 0.57265625 0.438134765625 0.3337890625 0.43720703125
5 0.48481445312500004 0.265673828125 0.04658203125 0.07705078125
5 0.49672851562500003 0.268505859375 0.07041015625 0.08134765625
5 0.64384765625 0.6015625 0.0625 0.058203125
5 0.618603515625 0.24570312500000002 0.08486328125 0.1177734375
