7 0.216796875 0.28623046875 0.0669921875 0.1306640625
7 0.5193359375 0.6564453125 0.2703125 0.3234375
2 0.43388671875 0.64365234375 0.05234375 0.0916015625
1 0.4265625 0.633642578125 0.0421875 0.07939453125
7 0.60107421875 0.53603515625 0.1267578125 0.1130859375
7 0.303173828125 0.52265625 0.17333984375 0.3998046875
7 0.218359375 0.41650390625 0.078125 0.1650390625
7 0.423583984375 0.39399414062500004 0.25595703125 0.32041015625
7 0.3533203125 0.18330078125 0.0826171875 0.215234375
7 0.520654296875 0.191015625 0.27236328125 0.2470703125
7 0.755078125 0.422119140625 0.26015625 0.48974609375
7 0.227099609375 0.282080078125 0.08408203125 0.10849609375
7 0.562646484375 0.343310546875 0.18330078125 0.33798828125
7 0.2859375 0.273291015625 0.0744140625 0.12666015625
