1 0.611474609375 0.619384765625 0.09521484375 0.27900390625
1 0.456298828125 0.664697265625 0.34853515625 0.31201171875
1 0.043798828125 0.44438476562499996 0.08759765625 0.15107421875
1 0.20473632812499998 0.5017578125 0.03310546875 0.0396484375
1 0.258740234375 0.5160156250000001 0.11279296875 0.3013671875
1 0.342041015625 0.44765625 0.02939453125 0.0837890625
1 0.31899414062500003 0.519970703125 0.08564453125 0.31123046875
1 0.34521484375 0.438916015625 0.019140625 0.05185546875
1 0.36064453125 0.567578125 0.0552734375 0.221484375
1 0.53486328125 0.643603515625 0.0625 0.12646484375
1 0.49306640625 0.640234375 0.0482421875 0.1212890625
1 0.45810546874999997 0.619140625 0.073046875 0.09296875
1 0.43056640625 0.622802734375 0.09453125 0.11064453125
1 0.655224609375 0.523193359375 0.04462890625 0.20810546875
1 0.541796875 0.37470703125000004 0.4017578125 0.4255859375
1 0.40590820312500003 0.20107421874999998 0.04599609375 0.144140625
1 0.46577148437500004 0.18935546875 0.10810546875 0.050390625
1 0.7125 0.19140625 0.1154296875 0.25078125
1 0.649658203125 0.155859375 0.09951171875 0.14609375
1 0.584326171875 0.192822265625 0.13818359375 0.07119140625
0 0.4677734375 0.889599609375 0.4083984375 0.22021484375
0 0.22158203125 0.85625 0.4431640625 0.2869140625
0 0.154248046875 0.7505859375 0.30849609375 0.4982421875
