1 0.153564453125 0.2978515625 0.26259765625 0.2740234375
1 0.697509765625 0.094970703125 0.11142578125 0.18994140625
1 0.131298828125 0.136767578125 0.26259765625 0.27353515625
1 0.569140625 0.1294921875 0.214453125 0.258984375
1 0.37016601562499996 0.119287109375 0.28876953125 0.23857421875
0 0.154541015625 0.596728515625 0.30908203125 0.36650390625
0 0.13193359375 0.5715820312500001 0.2638671875 0.2337890625
1 0.517578125 0.54853515625 0.3181640625 0.178515625
1 0.141455078125 0.561572265625 0.28291015625 0.23935546875
1 0.65283203125 0.440380859375 0.0943359375 0.08330078125
1 0.6099609375 0.756298828125 0.453125 0.43896484375
1 0.43867187500000004 0.47578125 0.3630859375 0.2548828125
0 0.09721679687500001 0.278564453125 0.12275390625 0.03583984375
1 0.5 0.37236328125 0.6453125 0.314453125
1 0.088818359375 0.103662109375 0.17763671875 0.12451171875
