7 0.42001953125 0.126171875 0.18671875 0.25234375
7 0.33935546875 0.16811523437499998 0.0865234375 0.13193359375
7 0.27099609375 0.31767578125 0.184765625 0.435546875
0 0.5431640624999999 0.22441406249999998 0.101171875 0.17890625
7 0.45126953124999997 0.29130859375 0.0955078125 0.1216796875
7 0.49184570312500003 0.410009765625 0.04560546875 0.20634765625
7 0.375244140625 0.46416015624999996 0.22763671875 0.4923828125
0 0.61865234375 0.197607421875 0.11484375 0.17626953125
0 0.7248046875 0.264990234375 0.10390625 0.11337890625
7 0.90126953125 0.536669921875 0.1443359375 0.31611328125
7 0.92890625 0.69609375 0.1416015625 0.144140625
7 0.585302734375 0.39912109375000004 0.18701171875 0.3181640625
7 0.905712890625 0.8432128906249999 0.18798828125 0.31279296875
7 0.7470703125 0.4732421875 0.26640625 0.3287109375
7 0.6634277343749999 0.75244140625 0.39931640625 0.4943359375
7 0.5115234375 0.951904296875 0.116796875 0.09560546875
5 0.75224609375 0.340673828125 0.1552734375 0.10322265625
0 0.541455078125 0.48798828125000004 0.12548828125 0.1974609375
1 0.589111328125 0.310546875 0.05576171875 0.0185546875
0 0.3763671875 0.211767578125 0.0359375 0.07373046875
0 0.57421875 0.1953125 0.0283203125 0.05390625
0 0.617041015625 0.129931640625 0.04169921875 0.02119140625
0 0.719140625 0.25166015625 0.0642578125 0.0548828125
2 0.42783203124999997 0.604296875 0.04765625 0.07109375
2 0.389404296875 0.587158203125 0.04169921875 0.13525390625
2 0.349609375 0.607373046875 0.046875 0.15380859375
