1 0.477685546875 0.669140625 0.52548828125 0.2951171875
1 0.605517578125 0.512255859375 0.12041015625 0.09150390625
1 0.649267578125 0.38359375 0.07568359375 0.1654296875
1 0.46181640625 0.460595703125 0.3158203125 0.16865234375
1 0.46728515625 0.305615234375 0.4365234375 0.24755859375
1 0.550439453125 0.1802734375 0.24970703125 0.1388671875
1 0.360986328125 0.210791015625 0.11806640625 0.04365234375
1 0.383154296875 0.204345703125 0.03076171875 0.01787109375
1 0.5345703125 0.18955078125000002 0.223828125 0.116796875
1 0.46860351562499997 0.19873046875 0.09658203125 0.043359375
1 0.5245117187499999 0.25185546875 0.2513671875 0.1177734375
1 0.315771484375 0.24072265625 0.02841796875 0.0265625
1 0.44658203125 0.23710937499999998 0.2529296875 0.0763671875
1 0.596533203125 0.306787109375 0.01650390625 0.05009765625
1 0.406591796875 0.499951171875 0.27744140625 0.16416015625
1 0.4609375 0.671484375 0.3888671875 0.2244140625
0 0.6474609375 0.689892578125 0.0396484375 0.04736328125
