1 0.630419921875 0.179052734375 0.29912109375 0.17490234375
7 0.477685546875 0.199609375 0.02431640625 0.0810546875
1 0.5541015625000001 0.504833984375 0.5138671875 0.60751953125
0 0.6885253906250001 0.582470703125 0.10615234375 0.11806640625
2 0.7010253906249999 0.32177734375 0.29189453125 0.2857421875
1 0.66875 0.378662109375 0.205078125 0.31083984375
1 0.641162109375 0.425048828125 0.20634765625 0.19873046875
1 0.598193359375 0.45302734375 0.22373046875 0.217578125
1 0.51416015625 0.37431640625 0.0486328125 0.04296875
7 0.502099609375 0.312841796875 0.27998046875 0.24599609375
1 0.6306640625 0.54072265625 0.1333984375 0.105859375
1 0.488134765625 0.44624023437500004 0.15673828125 0.12666015625
2 0.621630859375 0.551611328125 0.06279296875 0.05361328125
2 0.571533203125 0.51962890625 0.03740234375 0.03203125
1 0.51416015625 0.4982421875 0.2822265625 0.2265625
1 0.5079101562499999 0.533935546875 0.4017578125 0.29072265625
7 0.42802734375 0.89619140625 0.21328125 0.20703125
