1 0.916943359375 0.9186035156250001 0.16572265625 0.16201171875
1 0.931591796875 0.83544921875 0.13642578125 0.1564453125
1 0.940771484375 0.7161132812500001 0.11806640625 0.1994140625
1 0.951806640625 0.676953125 0.09599609375 0.2123046875
7 0.802294921875 0.5583984375 0.23857421875 0.370703125
7 0.46328125000000003 0.5446289062499999 0.101171875 0.183203125
7 0.614111328125 0.643701171875 0.20927734375 0.30458984375
7 0.5193359375 0.295654296875 0.387890625 0.48349609375
7 0.37739257812500004 0.561328125 0.36533203125 0.478515625
1 0.2369140625 0.6326171875 0.2470703125 0.3359375
