0 0.07705078125 0.0568359375 0.133203125 0.113671875
7 0.820068359375 0.5926757812500001 0.17841796875 0.098046875
7 0.17587890625 0.136865234375 0.3517578125 0.27373046875
7 0.75732421875 0.722412109375 0.305078125 0.28271484375
7 0.7021484375 0.58271484375 0.146875 0.078125
7 0.510009765625 0.1033203125 0.37802734375 0.206640625
7 0.31357421875 0.569287109375 0.6271484375 0.70458984375
7 0.8638183593750001 0.34248046875 0.12177734375 0.120703125
7 0.871240234375 0.40366210937499997 0.08662109375 0.05263671875
5 0.87734375 0.47021484375 0.1154296875 0.1724609375
7 0.796875 0.338671875 0.405859375 0.67734375
5 0.297900390625 0.280224609375 0.24111328125 0.42041015625
7 0.39853515625 0.469775390625 0.60390625 0.85732421875
7 0.7578125 0.815380859375 0.324609375 0.36865234375
7 0.645751953125 0.8329101562500001 0.12216796875 0.33359375
7 0.587646484375 0.84345703125 0.18095703125 0.3125
7 0.477392578125 0.887255859375 0.25693359375 0.21611328125
