0 0.59609375 0.7919921875 0.8072265625 0.4154296875
1 0.35151367187500004 0.973388671875 0.14287109375 0.05283203125
0 0.3869140625 0.554248046875 0.773828125 0.73837890625
5 0.384765625 0.16293945312500002 0.14453125 0.18154296875
7 0.5010253906250001 0.22182617187499998 0.09658203125 0.13564453125
0 0.34951171875000003 0.2814453125 0.101171875 0.1279296875
7 0.42919921875 0.275390625 0.1388671875 0.2115234375
3 0.5728515625 0.23720703125 0.1861328125 0.0810546875
5 0.526953125 0.398974609375 0.129296875 0.08310546875
5 0.6046386718750001 0.37236328125 0.05849609375 0.0533203125
5 0.605224609375 0.299951171875 0.31220703125 0.13017578125
5 0.789990234375 0.383544921875 0.21630859375 0.20458984375
1 0.615380859375 0.412548828125 0.05419921875 0.06923828125
0 0.692431640625 0.37822265624999996 0.14482421875 0.1388671875
2 0.65654296875 0.43134765625000004 0.1140625 0.0724609375
5 0.743017578125 0.511279296875 0.18779296875 0.13818359375
0 0.833837890625 0.454150390625 0.08427734375 0.07041015625
1 0.654052734375 0.55146484375 0.06083984375 0.0423828125
5 0.45502929687500004 0.435302734375 0.41337890625 0.23115234375
1 0.771337890625 0.344482421875 0.16240234375 0.10068359375
