7 0.059912109375 0.449853515625 0.11982421875 0.26552734375
1 0.52060546875 0.44291992187499996 0.1591796875 0.21259765625
7 0.180322265625 0.43623046875000004 0.15224609375 0.2771484375
7 0.30595703125 0.49853515625 0.1396484375 0.2337890625
7 0.429150390625 0.55517578125 0.25869140625 0.325390625
7 0.6763671874999999 0.6021484375 0.257421875 0.282421875
7 0.864794921875 0.657275390625 0.26982421875 0.30126953125
1 0.671044921875 0.40498046875000004 0.22001953125 0.276171875
0 0.67265625 0.40654296875 0.16171875 0.086328125
0 0.673779296875 0.462646484375 0.05830078125 0.06220703125
