1 0.500146484375 0.510205078125 0.80322265625 0.61064453125
4 0.463134765625 0.321875 0.10419921875 0.1517578125
4 0.37666015625000004 0.372412109375 0.0958984375 0.14306640625
4 0.56435546875 0.384130859375 0.120703125 0.15771484375
4 0.472607421875 0.40595703125 0.12900390625 0.1130859375
4 0.30610351562500004 0.43740234375 0.10419921875 0.1525390625
4 0.38437499999999997 0.470458984375 0.1140625 0.11904296875
4 0.530908203125 0.49404296875 0.17958984375 0.1423828125
4 0.6266601562499999 0.45122070312499996 0.1646484375 0.15595703125
3 0.68798828125 0.50908203125 0.0724609375 0.0458984375
4 0.43388671874999996 0.535400390625 0.135546875 0.10693359375
3 0.644677734375 0.542041015625 0.09228515625 0.04443359375
3 0.6353027343750001 0.575048828125 0.10322265625 0.07666015625
3 0.51123046875 0.531396484375 0.18515625 0.13818359375
3 0.712255859375 0.5037109375000001 0.08134765625 0.0580078125
3 0.529296875 0.613671875 0.1240234375 0.065234375
