7 0.217578125 0.43535156249999996 0.1728515625 0.3263671875
7 0.040576171875 0.482470703125 0.04287109375 0.03701171875
7 0.6716796875 0.598095703125 0.4677734375 0.67626953125
1 0.57568359375 0.3439453125 0.0669921875 0.058203125
6 0.16445312499999998 0.688037109375 0.2287109375 0.28603515625
7 0.130859375 0.5555664062500001 0.2076171875 0.4126953125
7 0.04609375 0.518994140625 0.027734375 0.09755859375
6 0.32499999999999996 0.283544921875 0.3078125 0.35615234375
1 0.3037109375 0.61904296875 0.0513671875 0.0634765625
7 0.268408203125 0.6312988281249999 0.04267578125 0.02177734375
