1 0.40375976562500004 0.210009765625 0.45439453125 0.31943359375
1 0.499853515625 0.70224609375 0.99970703125 0.594921875
0 0.23422851562500002 0.83466796875 0.25322265625 0.2208984375
1 0.466015625 0.6072753906249999 0.9017578125 0.55458984375
6 0.592431640625 0.34819335937499996 0.81474609375 0.49599609375
6 0.775341796875 0.291796875 0.44892578125 0.3296875
6 0.746826171875 0.193115234375 0.50595703125 0.37099609375
6 0.6517089843749999 0.419091796875 0.69619140625 0.34951171875
1 0.787158203125 0.164306640625 0.41220703125 0.30224609375
0 0.148046875 0.9796875 0.29609375 0.0400390625
