0 0.510888671875 0.79267578125 0.03916015625 0.0529296875
1 0.16376953125 0.895166015625 0.0865234375 0.06279296875
7 0.703076171875 0.33251953125 0.06298828125 0.163671875
7 0.68017578125 0.43979492187499997 0.14609375 0.11708984375
7 0.01416015625 0.561865234375 0.0283203125 0.12041015625
1 0.322021484375 0.37314453124999997 0.08857421875 0.0658203125
1 0.352783203125 0.425732421875 0.11630859375 0.12001953125
5 0.34111328125 0.426806640625 0.059765625 0.04599609375
7 0.411376953125 0.4287109375 0.06474609375 0.0572265625
7 0.473095703125 0.48525390625 0.06572265625 0.1689453125
1 0.5017578125 0.50498046875 0.097265625 0.191796875
1 0.353515625 0.56484375 0.1947265625 0.1984375
1 0.357275390625 0.521533203125 0.08505859375 0.08994140625
1 0.41337890624999996 0.4859375 0.12578125 0.1220703125
1 0.232666015625 0.541552734375 0.06005859375 0.04599609375
7 0.202587890625 0.44052734375 0.09423828125 0.17265625
7 0.283056640625 0.469287109375 0.14853515625 0.17529296875
1 0.08168945312499999 0.5614746093749999 0.15302734375 0.23544921875
1 0.064013671875 0.500341796875 0.09130859375 0.08134765625
1 0.153759765625 0.6015625 0.14287109375 0.2208984375
1 0.23759765625 0.694580078125 0.2271484375 0.25693359375
1 0.235498046875 0.6147949218750001 0.12470703125 0.11904296875
1 0.22353515625 0.63486328125 0.0984375 0.0515625
7 0.219189453125 0.6519531249999999 0.04443359375 0.0162109375
7 0.46430664062500004 0.663720703125 0.13837890625 0.26123046875
1 0.602734375 0.329541015625 0.1552734375 0.28408203125
0 0.67197265625 0.514892578125 0.09453125 0.24599609375
1 0.8392089843749999 0.34287109375 0.17783203125 0.083984375
1 0.8298828125 0.325537109375 0.112109375 0.11337890625
1 0.8394531249999999 0.423095703125 0.3197265625 0.23115234375
7 0.78759765625 0.53076171875 0.1416015625 0.148828125
7 0.74951171875 0.600537109375 0.1662109375 0.21162109375
1 0.573974609375 0.17426757812500002 0.14208984375 0.29228515625
0 0.5849121093749999 0.613623046875 0.14853515625 0.28271484375
7 0.7111328125 0.77392578125 0.15546875 0.15703125
1 0.690576171875 0.691943359375 0.08056640625 0.12138671875
7 0.6741210937500001 0.814111328125 0.117578125 0.23212890625
1 0.82958984375 0.315185546875 0.044140625 0.03173828125
0 0.326220703125 0.688037109375 0.01513671875 0.07841796875
0 0.21015625 0.66337890625 0.1654296875 0.0310546875
