0 0.256591796875 0.305078125 0.22646484375 0.34296875
0 0.235498046875 0.13291015625 0.26962890625 0.2361328125
7 0.124853515625 0.4064453125 0.24970703125 0.5892578125
1 0.34931640625 0.3365234375 0.206640625 0.245703125
1 0.29736328125 0.060693359375 0.1294921875 0.12138671875
7 0.71826171875 0.134326171875 0.18203125 0.24541015625
1 0.558349609375 0.71611328125 0.54072265625 0.4474609375
1 0.626220703125 0.305517578125 0.24755859375 0.18779296875
1 0.672265625 0.693310546875 0.3068359375 0.38525390625
1 0.623876953125 0.529638671875 0.33955078125 0.62998046875
1 0.5388671875 0.541845703125 0.5255859375 0.64521484375
0 0.7934082031249999 0.463916015625 0.04716796875 0.06416015625
