1 0.580859375 0.504296875 0.405078125 0.359375
1 0.569580078125 0.402490234375 0.28740234375 0.12451171875
1 0.440087890625 0.3140625 0.29228515625 0.241796875
1 0.30180664062499996 0.523779296875 0.28408203125 0.20087890625
7 0.24155273437500002 0.97548828125 0.27744140625 0.0486328125
0 0.5401367187499999 0.9094726562500001 0.25625 0.148828125
7 0.203369140625 0.67890625 0.40673828125 0.199609375
7 0.430419921875 0.786572265625 0.44013671875 0.27158203125
1 0.280615234375 0.442724609375 0.27548828125 0.18994140625
1 0.3037109375 0.38095703125 0.176953125 0.064453125
1 0.261572265625 0.39287109375 0.25068359375 0.090234375
1 0.256787109375 0.458203125 0.21923828125 0.076171875
1 0.508056640625 0.553857421875 0.23310546875 0.13837890625
1 0.550732421875 0.512646484375 0.25693359375 0.13740234375
1 0.40390624999999997 0.503076171875 0.1140625 0.14951171875
1 0.47602539062500004 0.292431640625 0.14521484375 0.15673828125
