9 0.22001953124999998 0.9033203125 0.38125 0.19296875
4 0.7407714843750001 0.279296875 0.14814453125 0.159765625
0 0.93994140625 0.36040039062499996 0.1193359375 0.25947265625
5 0.353515625 0.3138671875 0.390234375 0.2740234375
0 0.354638671875 0.253271484375 0.29462890625 0.28623046875
0 0.562548828125 0.28916015625 0.26455078125 0.3080078125
0 0.419970703125 0.13618164062500002 0.05361328125 0.03525390625
0 0.6228515625000001 0.184619140625 0.05390625 0.03447265625
0 0.03056640625 0.497265625 0.0611328125 0.0853515625
0 0.065478515625 0.661767578125 0.13095703125 0.09990234375
0 0.05869140625 0.569580078125 0.1173828125 0.18876953125
9 0.2994140625 0.623046875 0.146484375 0.1984375
9 0.6129882812499999 0.60126953125 0.1306640625 0.203125
9 0.4232421875 0.5701171875000001 0.25859375 0.164453125
9 0.9904296875 0.590966796875 0.0185546875 0.04462890625
9 0.922802734375 0.641748046875 0.15380859375 0.17685546875
0 0.84560546875 0.6588867187499999 0.1541015625 0.1763671875
0 0.9248046875 0.7999999999999999 0.1498046875 0.148046875
0 0.837255859375 0.85400390625 0.32470703125 0.29140625
