0 0.36386718749999997 0.948388671875 0.1107421875 0.01591796875
1 0.1505859375 0.24565429687499998 0.1140625 0.09345703125
1 0.307373046875 0.203662109375 0.25361328125 0.14931640625
1 0.420654296875 0.2873046875 0.17529296875 0.0826171875
1 0.7554687499999999 0.971826171875 0.1412109375 0.05576171875
1 0.503271484375 0.5400390625 0.11376953125 0.039453125
1 0.47158203125 0.75 0.631640625 0.42109375
1 0.6097656250000001 0.72890625 0.472265625 0.35859375
1 0.547412109375 0.7579101562499999 0.55654296875 0.378515625
2 0.134130859375 0.80322265625 0.04072265625 0.0384765625
1 0.51767578125 0.42246093749999997 0.278125 0.226953125
7 0.24819335937499998 0.34951171875 0.28603515625 0.2912109375
7 0.5731933593749999 0.10849609375 0.13388671875 0.101953125
7 0.56513671875 0.146923828125 0.1779296875 0.12724609375
7 0.69443359375 0.095361328125 0.15078125 0.12470703125
7 0.720556640625 0.15205078125 0.13623046875 0.1314453125
7 0.42861328125 0.12348632812499999 0.2275390625 0.16865234375
7 0.659716796875 0.167431640625 0.02646484375 0.04560546875
1 0.6340820312500001 0.2708984375 0.2404296875 0.1673828125
