6 0.118701171875 0.921728515625 0.23740234375 0.15595703125
1 0.47021484375 0.804296875 0.166015625 0.0873046875
5 0.981005859375 0.15166015625 0.03740234375 0.0552734375
5 0.983984375 0.11333007812500001 0.0314453125 0.04912109375
5 0.987451171875 0.0720703125 0.02451171875 0.046875
5 0.990771484375 0.0265625 0.01787109375 0.04765625
5 0.8638671875 0.17441406250000002 0.21328125 0.066015625
5 0.866357421875 0.131689453125 0.21689453125 0.06396484375
5 0.871533203125 0.08466796874999999 0.22255859375 0.0662109375
5 0.877490234375 0.036572265624999996 0.22587890625 0.06572265625
5 0.877294921875 0.00966796875 0.22353515625 0.0193359375
5 0.722021484375 0.298876953125 0.05458984375 0.04267578125
5 0.7199218749999999 0.348828125 0.0310546875 0.065234375
2 0.80390625 0.45732421875 0.041015625 0.03671875
1 0.34375 0.776904296875 0.096875 0.04541015625
1 0.35595703125 0.61064453125 0.0611328125 0.0505859375
1 0.348583984375 0.5978515625 0.06083984375 0.0423828125
1 0.447607421875 0.1888671875 0.23974609375 0.1689453125
1 0.500146484375 0.2638671875 0.45341796875 0.231640625
1 0.52880859375 0.39589843750000003 0.4298828125 0.1802734375
1 0.5712890625 0.458203125 0.50234375 0.203125
1 0.34077148437500004 0.54912109375 0.12666015625 0.0798828125
1 0.421484375 0.4935546875 0.2681640625 0.183984375
1 0.480322265625 0.66123046875 0.29931640625 0.2509765625
