0 0.8777832031249999 0.3640625 0.06650390625 0.058203125
1 0.05556640625 0.201904296875 0.1111328125 0.19013671875
1 0.448681640625 0.035400390625 0.27724609375 0.07080078125
7 0.18115234375 0.184521484375 0.3623046875 0.36904296875
1 0.18232421875 0.41499023437500004 0.1056640625 0.10322265625
7 0.778125 0.168505859375 0.4431640625 0.33701171875
7 0.74130859375 0.46669921875000003 0.23359375 0.3111328125
6 0.52705078125 0.697216796875 0.5724609375 0.60478515625
7 0.37382812499999996 0.3029296875 0.512109375 0.605859375
0 0.237744140625 0.4474609375 0.02998046875 0.0873046875
0 0.5439453125 0.74140625 0.48515625 0.409375
0 0.712548828125 0.7544921874999999 0.19638671875 0.1431640625
