4 0.147998046875 0.49375 0.28076171875 0.20234375
4 0.460009765625 0.721826171875 0.17724609375 0.17587890625
4 0.60546875 0.3482421875 0.148828125 0.200390625
4 0.795654296875 0.72607421875 0.09853515625 0.1376953125
4 0.48530273437500004 0.37626953125 0.45341796875 0.4419921875
4 0.283544921875 0.690234375 0.56708984375 0.5228515625
4 0.6374023437499999 0.6515625 0.2251953125 0.4916015625
4 0.539697265625 0.565380859375 0.01982421875 0.05830078125
4 0.7986328125 0.493701171875 0.3783203125 0.54541015625
4 0.376611328125 0.530712890625 0.66728515625 0.58681640625
0 0.6581054687500001 0.201904296875 0.683203125 0.40380859375
