1 0.1001953125 0.931005859375 0.200390625 0.13740234375
1 0.01123046875 0.8902343749999999 0.0224609375 0.0513671875
1 0.085009765625 0.94677734375 0.17001953125 0.105859375
1 0.050732421874999996 0.980078125 0.08701171875 0.039453125
1 0.85546875 0.224658203125 0.1712890625 0.11552734375
5 0.83154296875 0.2287109375 0.07109375 0.02578125
1 0.743505859375 0.51748046875 0.36669921875 0.164453125
1 0.893310546875 0.40673828125 0.21259765625 0.158203125
1 0.5443359375 0.3919921875 0.0681640625 0.033984375
1 0.684033203125 0.4328125 0.28408203125 0.148828125
1 0.535400390625 0.3869140625 0.10712890625 0.125
1 0.599853515625 0.48544921874999997 0.11904296875 0.07265625
1 0.453857421875 0.540576171875 0.17294921875 0.11533203125
1 0.35600585937499996 0.490966796875 0.41572265625 0.21201171875
1 0.221875 0.54091796875 0.08203125 0.0376953125
1 0.165380859375 0.5445312499999999 0.13427734375 0.085546875
1 0.060205078125 0.503857421875 0.12041015625 0.27451171875
1 0.588330078125 0.658642578125 0.39091796875 0.32958984375
2 0.5697753906249999 0.6494140625 0.08330078125 0.0439453125
0 0.6470214843750001 0.6003906250000001 0.06513671875 0.0568359375
0 0.638037109375 0.5630371093750001 0.10087890625 0.04462890625
0 0.5194824218749999 0.6787109375 0.03837890625 0.0201171875
1 0.30078125 0.7572265625 0.6015625 0.48515625
1 0.028271484375 0.72041015625 0.05654296875 0.1009765625
1 0.37880859375000003 0.779150390625 0.1193359375 0.07568359375
0 0.19775390625 0.9113281249999999 0.0482421875 0.0349609375
1 0.3029296875 0.846630859375 0.18984375 0.13916015625
1 0.123828125 0.8056640625 0.24765625 0.230859375
1 0.280126953125 0.7068847656249999 0.20439453125 0.12900390625
1 0.314013671875 0.7642578125 0.19677734375 0.1376953125
1 0.3462890625 0.339013671875 0.30625 0.22666015625
1 0.32998046875 0.276611328125 0.2466796875 0.17333984375
0 0.300048828125 0.39248046875000003 0.05322265625 0.0880859375
1 0.6895019531250001 0.39248046875000003 0.31611328125 0.1138671875
1 0.7252441406250001 0.321533203125 0.32607421875 0.25615234375
1 0.73427734375 0.30146484375 0.2576171875 0.1689453125
1 0.725390625 0.31074218750000004 0.2271484375 0.143359375
6 0.871240234375 0.209228515625 0.05986328125 0.02802734375
1 0.8313476562500001 0.235107421875 0.06484375 0.03076171875
0 0.748876953125 0.457275390625 0.03271484375 0.05634765625
0 0.7734863281250001 0.50302734375 0.09658203125 0.0421875
