1 0.9424316406250001 0.68779296875 0.05654296875 0.0615234375
7 0.328759765625 0.33818359374999996 0.25126953125 0.4818359375
7 0.6029296875000001 0.36982421875 0.257421875 0.2509765625
7 0.948388671875 0.50908203125 0.10263671875 0.1669921875
7 0.7713867187500001 0.647216796875 0.293359375 0.61181640625
7 0.6989257812499999 0.36435546875 0.0357421875 0.036328125
7 0.090673828125 0.553759765625 0.18134765625 0.88857421875
7 0.25312500000000004 0.761669921875 0.2244140625 0.39248046875
7 0.484521484375 0.636376953125 0.33056640625 0.45400390625
0 0.8212890625 0.363037109375 0.043359375 0.07138671875
1 0.8737304687499999 0.32607421875 0.0818359375 0.159375
0 0.769091796875 0.41533203124999996 0.04912109375 0.04765625
7 0.73447265625 0.388427734375 0.0369140625 0.06318359375
