5 0.6537109375 0.1400390625 0.0708984375 0.1015625
7 0.6282226562500001 0.108154296875 0.05703125 0.07470703125
1 0.442578125 0.857666015625 0.3326171875 0.23310546875
1 0.433935546875 0.784716796875 0.43779296875 0.24931640625
1 0.60791015625 0.65263671875 0.04609375 0.0849609375
1 0.5836425781250001 0.643505859375 0.11611328125 0.21630859375
1 0.43417968749999997 0.717919921875 0.3529296875 0.21630859375
1 0.16630859374999998 0.7326171874999999 0.059765625 0.0181640625
1 0.46674804687500004 0.6509765625 0.26142578125 0.2609375
1 0.28984375 0.547412109375 0.3142578125 0.44013671875
1 0.519970703125 0.5099609374999999 0.19423828125 0.1216796875
1 0.6263671875000001 0.6587402343750001 0.04140625 0.03310546875
7 0.5791015625 0.243896484375 0.2326171875 0.36337890625
7 0.55419921875 0.103515625 0.03203125 0.0390625
1 0.48813476562499997 0.894873046875 0.04912109375 0.08134765625
