1 0.05751953125 0.27163085937500003 0.1150390625 0.08369140625
1 0.93076171875 0.6263671875000001 0.137890625 0.265234375
7 0.8374999999999999 0.790625 0.226171875 0.20234375
5 0.850439453125 0.6802246093750001 0.14189453125 0.18251953125
1 0.777294921875 0.524267578125 0.08974609375 0.04990234375
1 0.76875 0.600732421875 0.1986328125 0.24306640625
7 0.7386718750000001 0.36328125 0.2740234375 0.3330078125
1 0.814794921875 0.45224609374999997 0.06220703125 0.069140625
0 0.1728515625 0.293994140625 0.0927734375 0.12099609375
7 0.30048828125000004 0.444580078125 0.1892578125 0.13388671875
7 0.26650390625 0.511376953125 0.043359375 0.07177734375
7 0.2091796875 0.38374023437500004 0.153515625 0.18486328125
1 0.485107421875 0.4205078125 0.14677734375 0.151171875
1 0.633544921875 0.449755859375 0.22197265625 0.31748046875
1 0.35009765625 0.29052734375 0.2849609375 0.1974609375
1 0.367919921875 0.662255859375 0.40751953125 0.57509765625
